ts_code,trade_date,open,high,low,close,pre_close,change,pct_chg,vol,amount,turnover_rate,volume_ratio,pe,pb,ps,total_share,float_share,free_share,total_mv,circ_mv
000001.SZ,20180601,10.15,10.29,10.07,10.19,10.18,0.01,0.1,597211.16,608398.867,0.3478,0.72,7.5452,0.86,1.654,1717041.1366,1717024.6773,761029.0923,17496649.182,17496481.4617
000001.SZ,20180604,10.23,10.31,10.15,10.27,10.19,0.08,0.79,593038.35,608291.978,0.3454,0.71,7.6045,0.8668,1.667,1717041.1366,1717024.6773,761029.0923,17634012.4729,17633843.4359
000001.SZ,20180605,10.29,10.3,10.11,10.26,10.27,-0.01,-0.1,656540.75,670740.302,0.3824,0.78,7.5971,0.866,1.6653,1717041.1366,1717024.6773,761029.0923,17616842.0615,17616673.1891
000001.SZ,20180606,10.25,10.26,10.1,10.14,10.26,-0.12,-1.17,712743.41,724032.796,0.4151,0.9,7.5082,0.8558,1.6459,1717041.1366,1717024.6773,761029.0923,17410797.1251,17410630.2278
000001.SZ,20180607,10.2,10.46,10.18,10.37,10.14,0.23,2.27,1262638.2,1306425.478,0.7354,1.78,7.6785,0.8752,1.6832,1717041.1366,1717024.6773,761029.0923,17805716.5865,17805545.9036
000001.SZ,20180608,10.33,10.33,10.06,10.12,10.37,-0.25,-2.41,1099379.82,1114968.856,0.6403,1.44,7.4934,0.8541,1.6426,1717041.1366,1717024.6773,761029.0923,17376456.3024,17376289.7343
000001.SZ,20180611,10.06,10.13,10.0,10.04,10.12,-0.08,-0.79,721374.98,724687.998,0.4201,0.83,7.4342,0.8474,1.6296,1717041.1366,1717024.6773,761029.0923,17239093.0115,17238927.7601
000001.SZ,20180612,10.03,10.08,9.95,10.06,10.04,0.02,0.2,913300.72,914001.701,0.5319,1.03,7.449,0.8491,1.6329,1717041.1366,1717024.6773,761029.0923,17273433.8342,17273268.2536
000001.SZ,20180613,10.04,10.06,9.95,9.95,10.06,-0.11,-1.09,530584.31,530483.756,0.309,0.56,7.3675,0.8398,1.615,1717041.1366,1717024.6773,761029.0923,17084559.3092,17084395.5391
000001.SZ,20180614,9.95,10.15,9.92,10.07,9.95,0.12,1.21,866392.01,872487.574,0.5046,0.96,7.4564,0.8499,1.6345,1717041.1366,1717024.6773,761029.0923,17290604.2456,17290438.5004
000001.SZ,20180615,10.08,10.29,10.06,10.17,10.07,0.1,0.99,1248707.88,1273412.999,0.7273,1.51,7.5304,0.8584,1.6507,1717041.1366,1717024.6773,761029.0923,17462308.3592,17462140.9681
000001.SZ,20180619,10.05,10.15,9.82,9.87,10.17,-0.3,-2.95,1565874.47,1565756.559,0.912,1.83,7.3083,0.833,1.602,1717041.1366,1717024.6773,761029.0923,16947196.0182,16947033.565
000001.SZ,20180620,9.87,9.95,9.76,9.91,9.87,0.04,0.41,763637.31,752950.7,0.4447,0.75,7.3379,0.8364,1.6085,1717041.1366,1717024.6773,761029.0923,17015877.6637,17015714.552
000001.SZ,20180621,9.93,10.04,9.86,9.86,9.91,-0.05,-0.5,840070.77,836014.838,0.4893,0.84,7.3009,0.8322,1.6004,1717041.1366,1717024.6773,761029.0923,16930025.6069,16929863.3182
000001.SZ,20180622,9.8,9.87,9.77,9.85,9.86,-0.01,-0.1,657818.51,645752.909,0.3831,0.62,7.2935,0.8314,1.5988,1717041.1366,1717024.6773,761029.0923,16912855.1955,16912693.0714
000001.SZ,20180625,9.91,9.92,9.38,9.46,9.85,-0.39,-3.96,1195212.6,1154559.08,0.6961,1.18,7.0047,0.7984,1.5355,1717041.1366,1717024.6773,761029.0923,16243209.1522,16243053.4473
000001.SZ,20180626,9.39,9.44,9.09,9.36,9.46,-0.1,-1.06,1124156.94,1042528.543,0.6547,1.12,6.9307,0.79,1.5192,1717041.1366,1717024.6773,761029.0923,16071505.0386,16071350.9795
000001.SZ,20180627,9.31,9.4,9.03,9.09,9.36,-0.27,-2.88,1045142.68,958871.648,0.6087,1.14,6.7307,0.7672,1.4754,1717041.1366,1717024.6773,761029.0923,15607903.9317,15607754.3167
000001.SZ,20180628,8.95,9.08,8.87,8.92,9.09,-0.17,-1.87,1110764.03,996801.234,0.6469,1.14,6.6049,0.7529,1.4478,1717041.1366,1717024.6773,761029.0923,15316006.9385,15315860.1215
000001.SZ,20180629,9.01,9.13,8.96,9.09,8.92,0.17,1.91,675299.68,611346.088,0.3933,0.66,6.7307,0.7672,1.4754,1717041.1366,1717024.6773,761029.0923,15607903.9317,15607754.3167
000001.SZ,20180702,9.05,9.05,8.55,8.61,9.09,-0.48,-5.28,1315520.13,1158545.868,0.7662,1.28,6.3753,0.7267,1.3975,1717041.1366,1717024.6773,761029.0923,14783724.1861,14783582.4716
000001.SZ,20180703,8.69,8.7,8.45,8.67,8.61,0.06,0.7,1274838.57,1096657.033,0.7425,1.21,6.4197,0.7318,1.4073,1717041.1366,1717024.6773,761029.0923,14886746.6543,14886603.9522
000001.SZ,20180704,8.63,8.75,8.61,8.61,8.67,-0.06,-0.69,711153.37,617278.559,0.4142,0.66,6.3753,0.7267,1.3975,1717041.1366,1717024.6773,761029.0923,14783724.1861,14783582.4716
000001.SZ,20180705,8.62,8.73,8.55,8.6,8.61,-0.01,-0.12,835768.77,722169.579,0.4868,0.82,6.3679,0.7259,1.3959,1717041.1366,1717024.6773,761029.0923,14766553.7748,14766412.2248
000001.SZ,20180706,8.61,8.78,8.45,8.66,8.6,0.06,0.7,988282.69,852071.526,0.5756,1.03,6.4123,0.7309,1.4056,1717041.1366,1717024.6773,761029.0923,14869576.243,14869433.7054
000001.SZ,20180709,8.69,9.03,8.68,9.03,8.66,0.37,4.27,1409954.6,1255007.609,0.8212,1.38,6.6863,0.7621,1.4657,1717041.1366,1717024.6773,761029.0923,15504881.4635,15504732.836
000001.SZ,20180710,9.02,9.02,8.89,8.98,9.03,-0.05,-0.55,896862.02,803038.965,0.5223,0.86,6.6493,0.7579,1.4576,1717041.1366,1717024.6773,761029.0923,15419029.4067,15418881.6022
000001.SZ,20180711,8.76,8.83,8.68,8.78,8.98,-0.2,-2.23,851296.7,744765.824,0.4958,0.88,6.5012,0.741,1.4251,1717041.1366,1717024.6773,761029.0923,15075621.1793,15075476.6667
000001.SZ,20180712,8.6,8.97,8.58,8.88,8.64,0.24,2.78,1140492.31,1008658.828,0.6642,1.14,6.5752,0.7582,1.4413,1717041.1366,1717024.6773,761029.0923,15247325.293,15247179.1344
000001.SZ,20180713,8.92,8.94,8.82,8.88,8.88,0.0,0.0,603378.21,535401.175,0.3514,0.57,6.5752,0.7582,1.4413,1717041.1366,1717024.6773,761029.0923,15247325.293,15247179.1344
000001.SZ,20180716,8.85,8.9,8.69,8.73,8.88,-0.15,-1.69,689845.58,603427.713,0.4018,0.7,6.4642,0.7454,1.417,1717041.1366,1717024.6773,761029.0923,14989769.1225,14989625.4328
000001.SZ,20180717,8.74,8.75,8.66,8.72,8.73,-0.01,-0.11,375356.33,326396.994,0.2186,0.45,6.4568,0.7445,1.4154,1717041.1366,1717024.6773,761029.0923,14972598.7112,14972455.1861
000001.SZ,20180718,8.75,8.85,8.69,8.7,8.72,-0.02,-0.23,525152.77,460697.377,0.3059,0.72,6.442,0.7428,1.4121,1717041.1366,1717024.6773,761029.0923,14938257.8884,14938114.6925
000001.SZ,20180719,8.75,8.81,8.69,8.73,8.7,0.03,0.34,461372.39,403674.308,0.2687,0.69,6.4642,0.7454,1.417,1717041.1366,1717024.6773,761029.0923,14989769.1225,14989625.4328
000001.SZ,20180720,8.73,9.2,8.61,9.11,8.73,0.38,4.3528,1754277.4,1576843.937,1.0217,3.3,6.7455,0.7778,1.4787,1717041.1366,1717024.6773,761029.0923,15642244.7544,15642094.8102
000001.SZ,20180723,9.04,9.45,9.0,9.42,9.11,0.31,3.4029,1781688.26,1646028.021,1.0377,2.34,6.9751,0.8043,1.529,1717041.1366,1717024.6773,761029.0923,16174527.5068,16174372.4602
000001.SZ,20180724,9.39,9.59,9.33,9.4,9.42,-0.02,-0.2123,1425894.16,1348746.826,0.8304,1.46,6.9603,0.8026,1.5257,1717041.1366,1717024.6773,761029.0923,16140186.684,16140031.9666
000001.SZ,20180725,9.44,9.47,9.33,9.38,9.4,-0.02,-0.2128,614122.81,575752.176,0.3577,0.52,6.9455,0.8009,1.5225,1717041.1366,1717024.6773,761029.0923,16105845.8613,16105691.4731
000001.SZ,20180726,9.4,9.48,9.21,9.25,9.38,-0.13,-1.3859,833358.15,778429.753,0.4854,0.69,6.8492,0.7898,1.5014,1717041.1366,1717024.6773,761029.0923,15882630.5136,15882478.265
000001.SZ,20180727,9.3,9.36,9.18,9.25,9.25,0.0,0.0,515126.03,477527.419,0.3,0.4,6.8492,0.7898,1.5014,1717041.1366,1717024.6773,761029.0923,15882630.5136,15882478.265
000001.SZ,20180730,9.32,9.49,9.26,9.39,9.25,0.14,1.5135,706385.97,661767.547,0.4114,0.68,6.9529,0.8017,1.5241,1717041.1366,1717024.6773,761029.0923,16123016.2727,16122861.7198
000001.SZ,20180731,9.37,9.49,9.25,9.42,9.39,0.03,0.3195,720150.8,674484.65,0.4194,0.88,6.9751,0.8043,1.529,1717041.1366,1717024.6773,761029.0923,16174527.5068,16174372.4602
000001.SZ,20180801,9.42,9.5,9.11,9.15,9.42,-0.27,-2.8662,814081.68,759282.229,0.4741,1.2,6.7752,0.7812,1.4852,1717041.1366,1717024.6773,761029.0923,15710926.3999,15710775.7973
000001.SZ,20180802,9.13,9.15,8.88,8.94,9.15,-0.21,-2.2951,931401.28,839272.254,0.5425,1.3,6.6197,0.7633,1.4511,1717041.1366,1717024.6773,761029.0923,15350347.7612,15350200.6151
000001.SZ,20180803,8.93,9.1,8.91,8.91,8.94,-0.03,-0.3356,476546.62,428641.526,0.2775,0.65,6.5975,0.7607,1.4462,1717041.1366,1717024.6773,761029.0923,15298836.5271,15298689.8747
000001.SZ,20180806,8.94,9.11,8.89,8.94,8.91,0.03,0.3367,554010.08,497906.686,0.3227,0.76,6.6197,0.7633,1.4511,1717041.1366,1717024.6773,761029.0923,15350347.7612,15350200.6151
000001.SZ,20180807,8.96,9.17,8.88,9.17,8.94,0.23,2.5727,690423.19,624359.656,0.4021,0.99,6.79,0.7829,1.4884,1717041.1366,1717024.6773,761029.0923,15745267.2226,15745116.2908
000001.SZ,20180808,9.16,9.16,9.04,9.05,9.17,-0.12,-1.3086,578953.16,527526.989,0.3372,0.84,6.7011,0.7727,1.4689,1717041.1366,1717024.6773,761029.0923,15539222.2862,15539073.3296
000001.SZ,20180809,9.04,9.35,9.02,9.29,9.05,0.24,2.6519,806783.77,746469.808,0.4699,1.25,6.8788,0.7932,1.5079,1717041.1366,1717024.6773,761029.0923,15951312.159,15951159.2521
000001.SZ,20180810,9.3,9.32,9.16,9.23,9.29,-0.06,-0.6459,424168.36,391366.341,0.247,0.68,6.8344,0.7881,1.4981,1717041.1366,1717024.6773,761029.0923,15848289.6908,15848137.7715
000001.SZ,20180813,9.12,9.16,8.9,9.05,9.23,-0.18,-1.9502,818491.12,736947.79,0.4767,1.34,6.7011,0.7727,1.4689,1717041.1366,1717024.6773,761029.0923,15539222.2862,15539073.3296
000001.SZ,20180814,9.03,9.04,8.94,9.0,9.05,-0.05,-0.5525,430240.36,386334.617,0.2506,0.65,6.6641,0.7684,1.4608,1717041.1366,1717024.6773,761029.0923,15453370.2294,15453222.0957
000001.SZ,20180815,9.02,9.02,8.75,8.79,9.0,-0.21,-2.3333,670442.85,594759.517,0.3905,1.1,6.5086,0.7505,1.4267,1717041.1366,1717024.6773,761029.0923,15092791.5907,15092646.9135
000001.SZ,20180816,8.73,8.89,8.64,8.78,8.79,-0.01,-0.1138,638272.55,559523.123,0.3717,1.01,6.5012,0.7241,1.4251,1717041.1366,1717024.6773,761029.0923,15075621.1793,15075476.6667
000001.SZ,20180817,8.88,8.94,8.78,8.81,8.78,0.03,0.3417,649476.56,576683.267,0.3783,1.09,6.5234,0.7266,1.43,1717041.1366,1717024.6773,761029.0923,15127132.4134,15126987.407
000001.SZ,20180820,8.9,9.02,8.87,9.0,8.81,0.19,2.1566,681322.06,609934.725,0.3968,1.06,6.6641,0.7423,1.4608,1717041.1366,1717024.6773,761029.0923,15453370.2294,15453222.0957
000001.SZ,20180821,9.02,9.26,9.01,9.23,9.0,0.23,2.5556,1264474.47,1163292.795,0.7364,2.06,6.8344,0.7612,1.4981,1717041.1366,1717024.6773,761029.0923,15848289.6908,15848137.7715
000001.SZ,20180822,9.24,9.34,9.13,9.29,9.23,0.06,0.6501,982433.98,909598.743,0.5722,1.26,6.8788,0.7662,1.5079,1717041.1366,1717024.6773,761029.0923,15951312.159,15951159.2521
000001.SZ,20180823,9.3,9.42,9.23,9.36,9.29,0.07,0.7535,729074.62,680941.392,0.4246,0.86,6.9307,0.772,1.5192,1717041.1366,1717024.6773,761029.0923,16071505.0386,16071350.9795
000001.SZ,20180824,9.31,10.28,9.29,10.03,9.36,0.67,7.1581,3040408.39,2995071.976,1.7707,3.53,7.4268,0.8272,1.628,1717041.1366,1717024.6773,761029.0923,17221922.6001,17221757.5133
000001.SZ,20180827,10.02,10.43,9.97,10.43,10.03,0.4,3.988,2218424.22,2251527.721,1.292,1.66,7.7229,0.8602,1.6929,1717041.1366,1717024.6773,761029.0923,17908739.0547,17908567.3842
000001.SZ,20180828,10.34,10.43,10.24,10.29,10.43,-0.14,-1.3423,1289777.24,1331917.86,0.7512,0.78,7.6193,0.8487,1.6702,1717041.1366,1717024.6773,761029.0923,17668353.2956,17668183.9294
000001.SZ,20180829,10.25,10.33,10.15,10.27,10.29,-0.02,-0.1944,901883.49,923581.546,0.5253,0.55,7.6045,0.847,1.667,1717041.1366,1717024.6773,761029.0923,17634012.4729,17633843.4359
000001.SZ,20180830,10.27,10.35,10.08,10.12,10.27,-0.15,-1.4606,994917.73,1013877.514,0.5794,0.61,7.4934,0.8347,1.6426,1717041.1366,1717024.6773,761029.0923,17376456.3024,17376289.7343
000001.SZ,20180831,10.13,10.32,10.1,10.13,10.12,0.01,0.0988,1310865.24,1337898.869,0.7635,0.78,7.5008,0.8355,1.6442,1717041.1366,1717024.6773,761029.0923,17393626.7138,17393459.981
000001.SZ,20180903,10.09,10.3,10.09,10.19,10.13,0.06,0.5923,711695.67,725303.291,0.4145,0.53,7.5452,0.8404,1.654,1717041.1366,1717024.6773,761029.0923,17496649.182,17496481.4617
000001.SZ,20180904,10.2,10.55,10.07,10.43,10.19,0.24,2.3553,1296342.08,1339756.563,0.755,1.24,7.7229,0.8602,1.6929,1717041.1366,1717024.6773,761029.0923,17908739.0547,17908567.3842
000001.SZ,20180905,10.3,10.33,10.05,10.05,10.43,-0.38,-3.6433,1179453.17,1202345.697,0.6869,1.13,7.4416,0.8289,1.6312,1717041.1366,1717024.6773,761029.0923,17256263.4228,17256098.0069
000001.SZ,20180906,10.05,10.14,9.95,9.97,10.05,-0.08,-0.796,711777.55,713975.749,0.4145,0.65,7.3823,0.8223,1.6183,1717041.1366,1717024.6773,761029.0923,17118900.1319,17118736.0327
000001.SZ,20180907,10.04,10.18,9.93,10.01,9.97,0.04,0.4012,809035.34,815151.722,0.4712,0.78,7.412,0.8256,1.6248,1717041.1366,1717024.6773,761029.0923,17187581.7774,17187417.0198
000001.SZ,20180910,10.01,10.07,9.84,9.88,10.01,-0.13,-1.2987,636989.29,631174.169,0.371,0.68,7.3157,0.8149,1.6036,1717041.1366,1717024.6773,761029.0923,16964366.4296,16964203.8117
000001.SZ,20180911,9.9,10.03,9.81,9.91,9.88,0.03,0.3036,712967.51,707337.57,0.4152,0.77,7.3379,0.8173,1.6085,1717041.1366,1717024.6773,761029.0923,17015877.6637,17015714.552
000001.SZ,20180912,9.87,9.97,9.82,9.88,9.91,-0.03,-0.3027,564829.16,558399.563,0.329,0.7,7.3157,0.8149,1.6036,1717041.1366,1717024.6773,761029.0923,16964366.4296,16964203.8117
000001.SZ,20180913,10.09,10.1,9.84,9.96,9.88,0.08,0.8097,999725.61,993389.97,0.5822,1.45,7.3749,0.8215,1.6166,1717041.1366,1717024.6773,761029.0923,17101729.7205,17101565.7859
000001.SZ,20180914,9.98,9.98,9.81,9.84,9.96,-0.12,-1.2048,619750.19,611422.48,0.3609,0.83,7.2861,0.8116,1.5972,1717041.1366,1717024.6773,761029.0923,16895684.7841,16895522.8246
000001.SZ,20180917,9.8,9.8,9.68,9.69,9.84,-0.15,-1.5244,517082.33,502609.643,0.3012,0.73,7.175,0.7992,1.5728,1717041.1366,1717024.6773,761029.0923,16638128.6137,16637969.123
000001.SZ,20180918,9.73,10.12,9.7,10.08,9.69,0.39,4.0248,1126807.42,1120867.543,0.6563,1.65,7.4638,0.8314,1.6361,1717041.1366,1717024.6773,761029.0923,17307774.6569,17307608.7472
000001.SZ,20180919,10.03,10.34,10.03,10.24,10.08,0.16,1.5873,1231548.77,1257191.505,0.7173,1.61,7.5823,0.8445,1.6621,1717041.1366,1717024.6773,761029.0923,17582501.2388,17582332.6956
000001.SZ,20180920,10.27,10.36,10.19,10.23,10.24,-0.01,-0.0977,620348.36,636742.814,0.3613,0.69,7.5749,0.8437,1.6605,1717041.1366,1717024.6773,761029.0923,17565330.8274,17565162.4488
000001.SZ,20180921,10.26,10.7,10.18,10.67,10.23,0.44,4.3011,1624518.41,1707850.487,0.9461,1.97,7.9007,0.88,1.7319,1717041.1366,1717024.6773,761029.0923,18320828.9275,18320653.3068
000001.SZ,20180925,10.52,10.68,10.48,10.55,10.67,-0.12,-1.1246,977014.7,1030715.785,0.569,0.95,7.8118,0.8701,1.7124,1717041.1366,1717024.6773,761029.0923,18114783.9911,18114610.3455
000001.SZ,20180926,10.61,10.92,10.52,10.71,10.55,0.16,1.5166,1490513.43,1600626.208,0.8681,1.34,7.9303,0.8833,1.7384,1717041.1366,1717024.6773,761029.0923,18389510.573,18389334.2939
000001.SZ,20180927,10.65,10.84,10.57,10.74,10.71,0.03,0.2801,880363.33,942200.398,0.5127,0.74,7.9525,0.8858,1.7432,1717041.1366,1717024.6773,761029.0923,18441021.8071,18440845.0342
000001.SZ,20180928,10.78,11.27,10.78,11.05,10.74,0.31,2.8864,2110242.67,2331358.288,1.229,1.89,8.182,0.9114,1.7936,1717041.1366,1717024.6773,761029.0923,18973304.5594,18973122.6842
000001.SZ,20181008,10.7,10.79,10.45,10.45,11.05,-0.6,-5.4299,1686358.52,1793455.283,0.9821,1.19,7.7378,0.8619,1.6962,1717041.1366,1717024.6773,761029.0923,17943079.8775,17942907.8778
000001.SZ,20181009,10.46,10.7,10.39,10.56,10.45,0.11,1.0526,1064084.26,1117946.55,0.6197,0.74,7.8192,0.8709,1.714,1717041.1366,1717024.6773,761029.0923,18131954.4025,18131780.5923
000001.SZ,20181010,10.54,10.66,10.38,10.45,10.56,-0.11,-1.0417,995200.08,1045666.18,0.5796,0.69,7.7378,0.8619,1.6962,1717041.1366,1717024.6773,761029.0923,17943079.8775,17942907.8778
000001.SZ,20181011,10.05,10.16,9.7,9.86,10.45,-0.59,-5.6459,1995143.83,1994186.611,1.162,1.48,7.3009,0.8132,1.6004,1717041.1366,1717024.6773,761029.0923,16930025.6069,16929863.3182
000001.SZ,20181012,9.97,10.34,9.87,10.3,9.86,0.44,4.4625,1516810.28,1532651.4,0.8834,0.97,7.6267,0.8495,1.6718,1717041.1366,1717024.6773,761029.0923,17685523.707,17685354.1762
000001.SZ,20181015,10.39,10.47,10.09,10.11,10.3,-0.19,-1.8447,1402685.3,1443043.059,0.8169,0.97,7.486,0.8338,1.641,1717041.1366,1717024.6773,761029.0923,17359285.891,17359119.4875
000001.SZ,20181016,10.14,10.54,10.12,10.37,10.11,0.26,2.5717,1396921.05,1450020.371,0.8136,1.0,7.6785,0.8553,1.6832,1717041.1366,1717024.6773,761029.0923,17805716.5865,17805545.9036
000001.SZ,20181017,10.5,10.55,10.14,10.33,10.37,-0.04,-0.3857,1350889.83,1400306.336,0.7868,0.92,7.6489,0.852,1.6767,1717041.1366,1717024.6773,761029.0923,17737034.9411,17736864.9165
000001.SZ,20181018,10.29,10.29,10.06,10.09,10.33,-0.24,-2.3233,1001156.05,1015654.821,0.5831,0.65,7.4712,0.8322,1.6377,1717041.1366,1717024.6773,761029.0923,17324945.0683,17324778.994
000001.SZ,20181019,9.95,10.78,9.92,10.76,10.09,0.67,6.6402,2083667.32,2173571.254,1.2135,1.56,7.9673,0.8874,1.7465,1717041.1366,1717024.6773,761029.0923,18475362.6298,18475185.5277
000001.SZ,20181022,10.81,11.46,10.78,11.15,10.76,0.39,3.6245,2645543.12,2932714.47,1.5408,1.83,8.2561,0.9196,1.8098,1717041.1366,1717024.6773,761029.0923,19145008.6731,19144825.1519
000001.SZ,20181023,11.2,11.22,10.73,10.84,11.15,-0.31,-2.7803,1602545.92,1759265.958,0.9333,0.95,8.0265,0.894,1.7595,1717041.1366,1717024.6773,761029.0923,18612725.9207,18612547.5019
000001.SZ,20181024,10.9,11.33,10.8,11.04,10.84,0.2,1.845,1829424.64,2026171.911,1.0655,1.05,8.1746,0.8805,1.7919,1717041.1366,1717024.6773,761029.0923,18956134.1481,18955952.4374
000001.SZ,20181025,10.8,11.29,10.71,11.29,11.04,0.25,2.2645,1685011.36,1855823.739,0.9814,0.92,8.3597,0.9005,1.8325,1717041.1366,1717024.6773,761029.0923,19385394.4322,19385208.6067
000001.SZ,20181026,11.29,11.31,10.96,11.18,11.29,-0.11,-0.9743,1299975.1,1448843.512,0.7571,0.66,8.2783,0.8917,1.8147,1717041.1366,1717024.6773,761029.0923,19196519.9072,19196335.8922
000001.SZ,20181029,11.2,11.24,10.62,10.75,11.18,-0.43,-3.8462,1591628.78,1725932.497,0.927,0.88,7.9599,0.8574,1.7449,1717041.1366,1717024.6773,761029.0923,18458192.2185,18458015.281
000001.SZ,20181030,10.78,11.08,10.73,10.9,10.75,0.15,1.3953,1501827.86,1641371.787,0.8747,0.94,8.071,0.8694,1.7692,1717041.1366,1717024.6773,761029.0923,18715748.3889,18715568.9826
000001.SZ,20181031,10.95,10.99,10.75,10.91,10.9,0.01,0.0917,1152683.79,1252156.775,0.6713,0.73,8.0784,0.8702,1.7708,1717041.1366,1717024.6773,761029.0923,18732918.8003,18732739.2293
000001.SZ,20181101,10.99,11.05,10.76,10.83,10.91,-0.08,-0.7333,1542776.32,1679443.449,0.8985,1.07,8.0191,0.8638,1.7578,1717041.1366,1717024.6773,761029.0923,18595555.5094,18595377.2552
000001.SZ,20181102,11.04,11.16,10.83,11.09,10.83,0.26,2.4007,2212922.87,2439179.135,1.2888,1.56,8.2116,0.8845,1.8,1717041.1366,1717024.6773,761029.0923,19041986.2049,19041803.6713
000001.SZ,20181105,10.95,11.04,10.82,10.92,11.09,-0.17,-1.5329,1291924.17,1409457.171,0.7524,0.81,8.0858,0.871,1.7725,1717041.1366,1717024.6773,761029.0923,18750089.2117,18749909.4761
000001.SZ,20181106,10.87,10.93,10.73,10.84,10.92,-0.08,-0.7326,735725.74,795322.638,0.4285,0.48,8.0265,0.8646,1.7595,1717041.1366,1717024.6773,761029.0923,18612725.9207,18612547.5019
000001.SZ,20181107,10.83,10.95,10.75,10.81,10.84,-0.03,-0.2768,785597.41,851487.053,0.4575,0.57,8.0043,0.8622,1.7546,1717041.1366,1717024.6773,761029.0923,18561214.6866,18561036.7616
000001.SZ,20181108,10.88,10.97,10.82,10.89,10.81,0.08,0.7401,793976.0,864744.243,0.4624,0.6,8.0636,0.8686,1.7676,1717041.1366,1717024.6773,761029.0923,18698577.9776,18698398.7358
000001.SZ,20181109,10.71,10.73,10.4,10.55,10.89,-0.34,-3.1221,1629269.17,1716198.382,0.9489,1.4,7.8118,0.8415,1.7124,1717041.1366,1717024.6773,761029.0923,18114783.9911,18114610.3455
000001.SZ,20181112,10.46,10.58,10.38,10.56,10.55,0.01,0.0948,920333.88,965756.504,0.536,0.88,7.8192,0.8423,1.714,1717041.1366,1717024.6773,761029.0923,18131954.4025,18131780.5923
000001.SZ,20181113,10.41,10.65,10.38,10.54,10.56,-0.02,-0.1894,1072497.62,1126736.143,0.6246,1.1,7.8044,0.8407,1.7108,1717041.1366,1717024.6773,761029.0923,18097613.5798,18097440.0987
000001.SZ,20181114,10.53,10.55,10.42,10.44,10.54,-0.1,-0.9488,774239.85,810357.748,0.4509,0.74,7.7304,0.8327,1.6945,1717041.1366,1717024.6773,761029.0923,17925909.4661,17925737.631
000001.SZ,20181115,10.44,10.64,10.42,10.62,10.44,0.18,1.7241,901461.98,949991.801,0.525,0.87,7.8636,0.847,1.7238,1717041.1366,1717024.6773,761029.0923,18234976.8707,18234802.0729
000001.SZ,20181116,10.61,10.72,10.49,10.57,10.62,-0.05,-0.4708,1059592.59,1123173.219,0.6171,1.0,7.8266,0.8431,1.7156,1717041.1366,1717024.6773,761029.0923,18149124.8139,18148950.8391
000001.SZ,20181119,10.57,10.88,10.57,10.85,10.57,0.28,2.649,1360887.09,1466899.416,0.7926,1.44,8.0339,0.8654,1.7611,1717041.1366,1717024.6773,761029.0923,18629896.3321,18629717.7487
000001.SZ,20181120,10.75,10.8,10.52,10.57,10.85,-0.28,-2.5806,1033877.53,1099654.683,0.6021,1.0,7.8266,0.8431,1.7156,1717041.1366,1717024.6773,761029.0923,18149124.8139,18148950.8391
000001.SZ,20181121,10.5,10.67,10.48,10.61,10.57,0.04,0.3784,666157.33,705638.355,0.388,0.65,7.8562,0.8462,1.7221,1717041.1366,1717024.6773,761029.0923,18217806.4593,18217631.8262
000001.SZ,20181122,10.67,10.67,10.48,10.55,10.61,-0.06,-0.5655,500267.85,527103.281,0.2914,0.5,7.8118,0.8415,1.7124,1717041.1366,1717024.6773,761029.0923,18114783.9911,18114610.3455
000001.SZ,20181123,10.53,10.58,10.31,10.32,10.55,-0.23,-2.1801,700358.15,730667.665,0.4079,0.76,7.6415,0.8231,1.6751,1717041.1366,1717024.6773,761029.0923,17719864.5297,17719694.6697
000001.SZ,20181126,10.34,10.46,10.3,10.34,10.32,0.02,0.1938,516569.11,535963.342,0.3009,0.61,7.6563,0.8247,1.6783,1717041.1366,1717024.6773,761029.0923,17754205.3524,17754035.1633
000001.SZ,20181127,10.35,10.39,10.16,10.18,10.34,-0.16,-1.5474,733448.38,752824.12,0.4272,1.07,7.5378,0.8119,1.6523,1717041.1366,1717024.6773,761029.0923,17479478.7706,17479311.2149
000001.SZ,20181128,10.17,10.31,10.16,10.28,10.18,0.1,0.9823,537751.45,550820.246,0.3132,0.86,7.6119,0.8199,1.6686,1717041.1366,1717024.6773,761029.0923,17651182.8842,17651013.6826
000001.SZ,20181129,10.35,10.39,10.19,10.2,10.28,-0.08,-0.7782,485284.05,499068.827,0.2826,0.81,7.5526,0.8135,1.6556,1717041.1366,1717024.6773,761029.0923,17513819.5933,17513651.7085
000001.SZ,20181130,10.22,10.36,10.17,10.36,10.2,0.16,1.5686,594715.32,610571.532,0.3464,1.0,7.6711,0.8263,1.6816,1717041.1366,1717024.6773,761029.0923,17788546.1752,17788375.6568
000001.SZ,20181203,10.59,10.66,10.47,10.59,10.36,0.23,2.2201,1064097.17,1126374.829,0.6197,1.86,7.8414,0.8447,1.7189,1717041.1366,1717024.6773,761029.0923,18183465.6366,18183291.3326
000001.SZ,20181204,10.57,10.62,10.53,10.59,10.59,0.0,0.0,534813.05,565743.744,0.3115,0.78,7.8414,0.8447,1.7189,1717041.1366,1717024.6773,761029.0923,18183465.6366,18183291.3326
000001.SZ,20181205,10.49,10.51,10.4,10.45,10.59,-0.14,-1.322,581545.27,608133.29,0.3387,0.9,7.7378,0.8335,1.6962,1717041.1366,1717024.6773,761029.0923,17943079.8775,17942907.8778
000001.SZ,20181206,10.36,10.37,10.23,10.25,10.45,-0.2,-1.9139,578866.48,594649.682,0.3371,0.89,7.5897,0.8175,1.6637,1717041.1366,1717024.6773,761029.0923,17599671.6502,17599502.9423
000001.SZ,20181207,10.3,10.39,10.27,10.28,10.25,0.03,0.2927,340216.15,351101.37,0.1981,0.51,7.6119,0.8199,1.6686,1717041.1366,1717024.6773,761029.0923,17651182.8842,17651013.6826
000001.SZ,20181210,10.22,10.27,10.13,10.17,10.28,-0.11,-1.07,494818.87,504040.653,0.2882,0.8,7.5304,0.8112,1.6507,1717041.1366,1717024.6773,761029.0923,17462308.3592,17462140.9681
000001.SZ,20181211,10.21,10.26,10.17,10.23,10.17,0.06,0.59,299089.62,305389.21,0.1742,0.59,7.5749,0.8159,1.6605,1717041.1366,1717024.6773,761029.0923,17565330.8274,17565162.4488
000001.SZ,20181212,10.3,10.32,10.2,10.24,10.23,0.01,0.0978,366379.03,375402.863,0.2134,0.8,7.5823,0.8167,1.6621,1717041.1366,1717024.6773,761029.0923,17582501.2388,17582332.6956
000001.SZ,20181213,10.25,10.48,10.2,10.39,10.24,0.15,1.4648,790845.21,819920.689,0.4606,1.9,7.6933,0.8287,1.6864,1717041.1366,1717024.6773,761029.0923,17840057.4093,17839886.3971
000001.SZ,20181214,10.34,10.35,10.16,10.17,10.39,-0.22,-2.1174,526675.13,539263.012,0.3067,1.15,7.5304,0.8112,1.6507,1717041.1366,1717024.6773,761029.0923,17462308.3592,17462140.9681
000001.SZ,20181217,10.16,10.33,10.1,10.29,10.17,0.12,1.1799,571274.87,584679.512,0.3327,1.15,7.6193,0.8207,1.6702,1717041.1366,1717024.6773,761029.0923,17668353.2956,17668183.9294
000001.SZ,20181218,10.2,10.32,10.1,10.12,10.29,-0.17,-1.6521,537744.3,547157.562,0.3132,1.05,7.4934,0.8072,1.6426,1717041.1366,1717024.6773,761029.0923,17376456.3024,17376289.7343
000001.SZ,20181219,10.14,10.18,9.9,9.94,10.12,-0.18,-1.7787,598007.01,600090.171,0.3483,1.07,7.3601,0.7928,1.6134,1717041.1366,1717024.6773,761029.0923,17067388.8978,17067225.2924
000001.SZ,20181220,9.92,9.97,9.63,9.71,9.94,-0.23,-2.3139,990284.79,964202.861,0.5767,1.64,7.1898,0.7745,1.5761,1717041.1366,1717024.6773,761029.0923,16672469.4364,16672309.6166
000001.SZ,20181221,9.68,9.7,9.33,9.45,9.71,-0.26,-2.6777,1000616.76,944460.332,0.5828,1.55,6.9973,0.7537,1.5339,1717041.1366,1717024.6773,761029.0923,16226038.7409,16225883.2005
000001.SZ,20181224,9.4,9.45,9.31,9.42,9.45,-0.03,-0.3175,509117.67,477186.904,0.2965,0.69,6.9751,0.7513,1.529,1717041.1366,1717024.6773,761029.0923,16174527.5068,16174372.4602
000001.SZ,20181225,9.29,9.43,9.21,9.34,9.42,-0.08,-0.8493,586615.45,545235.607,0.3416,0.81,6.9158,0.745,1.516,1717041.1366,1717024.6773,761029.0923,16037164.2158,16037010.486
000001.SZ,20181226,9.35,9.42,9.27,9.3,9.34,-0.04,-0.4283,421140.6,393215.14,0.2453,0.57,6.8862,0.7418,1.5095,1717041.1366,1717024.6773,761029.0923,15968482.5704,15968329.4989
000001.SZ,20181227,9.45,9.49,9.28,9.28,9.3,-0.02,-0.2151,624593.27,586343.755,0.3638,0.89,6.8714,0.7402,1.5063,1717041.1366,1717024.6773,761029.0923,15934141.7476,15933989.0053
000001.SZ,20181228,9.31,9.46,9.31,9.38,9.28,0.1,1.0776,576604.0,541571.004,0.3358,0.92,6.9455,0.7481,1.5225,1717041.1366,1717024.6773,761029.0923,16105845.8613,16105691.4731
000001.SZ,20190102,9.39,9.42,9.16,9.19,9.38,-0.19,-2.0256,539386.32,498695.109,0.3141,0.99,6.8048,0.733,1.4917,1717041.1366,1717024.6773,761029.0923,15779608.0454,15779456.7844
000001.SZ,20190103,9.18,9.33,9.15,9.28,9.19,0.09,0.9793,415537.95,384457.707,0.242,0.76,6.8714,0.7402,1.5063,1717041.1366,1717024.6773,761029.0923,15934141.7476,15933989.0053
000001.SZ,20190104,9.24,9.82,9.22,9.75,9.28,0.47,5.0647,1481159.06,1422149.888,0.8626,2.87,7.2194,0.7607,1.5825,1717041.1366,1717024.6773,761029.0923,16741151.0819,16740990.6037
000001.SZ,20190107,9.84,9.85,9.63,9.74,9.75,-0.01,-0.1026,865687.66,841166.43,0.5042,1.19,7.212,0.7599,1.5809,1717041.1366,1717024.6773,761029.0923,16723980.6705,16723820.3569
000001.SZ,20190108,9.73,9.74,9.62,9.66,9.74,-0.08,-0.8214,402388.11,389247.795,0.2344,0.52,7.1528,0.7536,1.5679,1717041.1366,1717024.6773,761029.0923,16586617.3796,16586458.3827
000001.SZ,20190109,9.74,10.08,9.7,9.94,9.66,0.28,2.8986,1233486.36,1229465.116,0.7184,1.67,7.3601,0.7755,1.6134,1717041.1366,1717024.6773,761029.0923,17067388.8978,17067225.2924
000001.SZ,20190110,9.87,10.2,9.86,10.1,9.94,0.16,1.6097,1071817.66,1079711.035,0.6242,1.22,7.4786,0.788,1.6394,1717041.1366,1717024.6773,761029.0923,17342115.4797,17341949.2407
000001.SZ,20190111,10.11,10.22,10.05,10.2,10.1,0.1,0.9901,696364.55,708001.802,0.4056,0.69,7.5526,0.7958,1.6556,1717041.1366,1717024.6773,761029.0923,17513819.5933,17513651.7085
000001.SZ,20190114,10.22,10.25,10.07,10.11,10.2,-0.09,-0.8824,500443.59,507862.882,0.2915,0.59,7.486,0.7887,1.641,1717041.1366,1717024.6773,761029.0923,17359285.891,17359119.4875
000001.SZ,20190115,10.11,10.28,10.09,10.24,10.11,0.13,1.2859,542160.55,553027.309,0.3158,0.69,7.5823,0.7989,1.6621,1717041.1366,1717024.6773,761029.0923,17582501.2388,17582332.6956
000001.SZ,20190116,10.24,10.5,10.23,10.48,10.24,0.24,2.3438,977699.37,1017495.116,0.5694,1.21,7.76,0.8176,1.701,1717041.1366,1717024.6773,761029.0923,17994591.1116,17994418.6181
000001.SZ,20190117,10.54,10.57,10.17,10.25,10.48,-0.23,-2.1947,882811.92,910212.066,0.5142,1.17,7.5897,0.7997,1.6637,1717041.1366,1717024.6773,761029.0923,17599671.6502,17599502.9423
000001.SZ,20190118,10.34,10.49,10.28,10.43,10.25,0.18,1.7561,738793.26,769973.637,0.4303,1.03,7.7229,0.8137,1.6929,1717041.1366,1717024.6773,761029.0923,17908739.0547,17908567.3842
000001.SZ,20190121,10.34,10.47,10.32,10.34,10.43,-0.09,-0.8629,659355.76,684465.646,0.384,0.91,7.6563,0.8067,1.6783,1717041.1366,1717024.6773,761029.0923,17754205.3524,17754035.1633
000001.SZ,20190122,10.34,10.44,10.26,10.28,10.34,-0.06,-0.5803,424413.57,438991.45,0.2472,0.56,7.6119,0.802,1.6686,1717041.1366,1717024.6773,761029.0923,17651182.8842,17651013.6826
000001.SZ,20190123,10.29,10.47,10.29,10.35,10.28,0.07,0.6809,537876.63,559384.396,0.3133,0.73,7.6637,0.8075,1.6799,1717041.1366,1717024.6773,761029.0923,17771375.7638,17771205.4101
000001.SZ,20190124,10.4,10.55,10.37,10.52,10.35,0.17,1.6425,679240.88,711495.718,0.3956,1.05,7.7896,0.8207,1.7075,1717041.1366,1717024.6773,761029.0923,18063272.757,18063099.6052
000001.SZ,20190125,10.56,11.04,10.55,11.0,10.52,0.48,4.5627,2108361.85,2299718.224,1.2279,3.47,8.145,0.8582,1.7854,1717041.1366,1717024.6773,761029.0923,18887452.5026,18887271.4503
000001.SZ,20190128,11.04,11.14,10.88,10.94,11.0,-0.06,-0.5455,1035909.8,1141853.833,0.6033,1.17,8.1006,0.8535,1.7757,1717041.1366,1717024.6773,761029.0923,18784430.0344,18784249.9697
000001.SZ,20190129,10.96,11.07,10.77,11.0,10.94,0.06,0.5484,826631.1,904847.854,0.4814,0.86,8.145,0.8582,1.7854,1717041.1366,1717024.6773,761029.0923,18887452.5026,18887271.4503
000001.SZ,20190130,10.95,11.18,10.86,10.95,11.0,-0.05,-0.4545,712001.01,785204.571,0.4147,0.69,8.108,0.8543,1.7773,1717041.1366,1717024.6773,761029.0923,18801600.4458,18801420.2164
000001.SZ,20190131,10.98,11.2,10.94,11.1,10.95,0.15,1.3699,831622.75,922602.874,0.4843,0.78,8.2191,0.866,1.8017,1717041.1366,1717024.6773,761029.0923,19059156.6163,19058973.918
000001.SZ,20190201,11.2,11.25,10.96,11.2,11.1,0.1,0.9009,1014270.07,1127216.186,0.5907,0.92,8.2931,0.8738,1.8179,1717041.1366,1717024.6773,761029.0923,19230860.7299,19230676.3858
000001.SZ,20190211,11.08,11.21,10.97,11.21,11.2,0.01,0.0893,801936.63,889951.528,0.4671,0.91,8.3005,0.8746,1.8195,1717041.1366,1717024.6773,761029.0923,19248031.1413,19247846.6325
000001.SZ,20190212,11.2,11.31,11.03,11.19,11.21,-0.02,-0.1784,959936.9,1071873.084,0.5591,1.15,8.2857,0.873,1.8163,1717041.1366,1717024.6773,761029.0923,19213690.3186,19213506.139
000001.SZ,20190213,11.19,11.41,11.12,11.38,11.19,0.19,1.6979,1137365.74,1280182.096,0.6624,1.32,8.4264,0.8878,1.8471,1717041.1366,1717024.6773,761029.0923,19539928.1345,19539740.8277
000001.SZ,20190214,11.3,11.33,11.19,11.25,11.38,-0.13,-1.1424,869185.19,977818.097,0.5062,0.92,8.3301,0.8777,1.826,1717041.1366,1717024.6773,761029.0923,19316712.7868,19316527.6196
000001.SZ,20190215,11.23,11.23,10.9,10.95,11.25,-0.3,-2.6667,1100127.46,1213914.428,0.6407,1.15,8.108,0.8543,1.7773,1717041.1366,1717024.6773,761029.0923,18801600.4458,18801420.2164
000001.SZ,20190218,11.05,11.36,11.04,11.36,10.95,0.41,3.7443,1255522.21,1408279.68,0.7312,1.29,8.4116,0.8863,1.8439,1717041.1366,1717024.6773,761029.0923,19505587.3118,19505400.3341
000001.SZ,20190219,11.36,11.62,11.24,11.27,11.36,-0.09,-0.7923,1270882.04,1445281.382,0.7402,1.19,8.3449,0.8792,1.8293,1717041.1366,1717024.6773,761029.0923,19351053.6095,19350868.1132
000001.SZ,20190220,11.33,11.53,11.25,11.41,11.27,0.14,1.2422,832629.87,949430.819,0.4849,0.74,8.4486,0.8902,1.852,1717041.1366,1717024.6773,761029.0923,19591439.3686,19591251.568
000001.SZ,20190221,11.38,11.55,11.28,11.36,11.41,-0.05,-0.4382,754246.48,860591.07,0.4393,0.71,8.4116,0.8863,1.8439,1717041.1366,1717024.6773,761029.0923,19505587.3118,19505400.3341
000001.SZ,20190222,11.35,11.57,11.15,11.54,11.36,0.18,1.5845,1184047.79,1343020.336,0.6896,1.14,8.5449,0.9003,1.8731,1717041.1366,1717024.6773,761029.0923,19814654.7164,19814464.776
000001.SZ,20190225,11.7,12.64,11.57,12.55,11.54,1.01,8.7522,2824935.02,3415946.86,1.6453,2.67,9.2927,0.9791,2.037,1717041.1366,1717024.6773,761029.0923,21548866.2643,21548659.7001
000001.SZ,20190226,12.55,12.57,12.15,12.2,12.55,-0.35,-2.7888,2017544.93,2485673.356,1.175,1.47,9.0336,0.9518,1.9802,1717041.1366,1717024.6773,761029.0923,20947901.8665,20947701.0631
000001.SZ,20190227,12.24,12.66,12.15,12.4,12.2,0.2,1.6393,1979013.88,2454404.411,1.1526,1.3,9.1816,0.9674,2.0127,1717041.1366,1717024.6773,761029.0923,21291310.0938,21291105.9985
000001.SZ,20190228,12.44,12.61,12.27,12.36,12.4,-0.04,-0.3226,1113099.8,1383110.81,0.6483,0.64,9.152,0.9643,2.0062,1717041.1366,1717024.6773,761029.0923,21222628.4484,21222425.0114
000001.SZ,20190301,12.48,12.78,12.2,12.76,12.36,0.4,3.2362,1712679.16,2137669.556,0.9975,0.94,9.4482,0.9955,2.0711,1717041.1366,1717024.6773,761029.0923,21909444.903,21909234.8823
000001.SZ,20190304,12.7,13.38,12.62,12.99,12.76,0.23,1.8025,2456830.39,3195011.702,1.4309,1.27,9.6185,1.0134,2.1084,1717041.1366,1717024.6773,761029.0923,22304364.3644,22304150.5581
000001.SZ,20190305,12.91,13.29,12.84,13.06,12.99,0.07,0.5389,1408422.22,1838251.656,0.8203,0.76,9.6703,1.0189,2.1198,1717041.1366,1717024.6773,761029.0923,22424557.244,22424342.2855
000001.SZ,20190306,13.06,13.15,12.84,13.08,13.06,0.02,0.1531,1245760.2,1614670.974,0.7255,0.72,9.6852,1.0205,2.1231,1717041.1366,1717024.6773,761029.0923,22458898.0667,22458682.7791
000001.SZ,20190307,13.06,13.06,12.55,12.74,13.08,-0.34,-2.5994,1782057.31,2274151.007,1.0379,1.12,8.8142,0.9939,1.8742,1717041.1366,1717024.6773,722055.496,21875104.0803,21874894.3888
000001.SZ,20190308,12.49,12.7,12.25,12.3,12.74,-0.44,-3.4537,1778162.1,2214572.416,1.0356,1.03,8.5098,0.9596,1.8095,1717041.1366,1717024.6773,722055.496,21119605.9802,21119403.5308
000001.SZ,20190311,12.3,12.49,12.05,12.32,12.3,0.02,0.1626,1157650.77,1416000.379,0.6742,0.67,8.5236,0.9612,1.8124,1717041.1366,1717024.6773,722055.496,21153946.8029,21153744.0243
000001.SZ,20190312,12.49,12.64,12.24,12.36,12.32,0.04,0.3247,1411794.92,1757797.25,0.8222,0.96,8.5513,0.9643,1.8183,1717041.1366,1717024.6773,722055.496,21222628.4484,21222425.0114
000001.SZ,20190313,12.34,12.55,12.13,12.37,12.36,0.01,0.0809,1269427.16,1568387.543,0.7393,0.86,8.5582,0.9651,1.8198,1717041.1366,1717024.6773,722055.496,21239798.8597,21239595.2582
000001.SZ,20190314,12.33,12.62,12.27,12.43,12.37,0.06,0.485,1057467.9,1316372.926,0.6159,0.71,8.5997,0.9697,1.8286,1717041.1366,1717024.6773,722055.496,21342821.3279,21342616.7388
000001.SZ,20190315,12.34,12.68,12.34,12.5,12.43,0.07,0.5632,1045406.03,1311323.009,0.6088,0.78,8.6482,0.9752,1.8389,1717041.1366,1717024.6773,722055.496,21463014.2075,21462808.4663
000001.SZ,20190318,12.53,12.94,12.32,12.91,12.5,0.41,3.28,1486454.8,1882483.633,0.8657,1.25,8.9318,1.0072,1.8992,1717041.1366,1717024.6773,722055.496,22167001.0735,22166788.5839
000001.SZ,20190319,12.92,12.94,12.61,12.79,12.91,-0.12,-0.9295,957196.46,1221118.294,0.5575,0.76,8.8488,0.9978,1.8816,1717041.1366,1717024.6773,722055.496,21960956.1371,21960745.6227
000001.SZ,20190320,12.68,12.88,12.62,12.75,12.79,-0.04,-0.3127,929996.38,1185477.058,0.5416,0.8,8.8211,0.9947,1.8757,1717041.1366,1717024.6773,722055.496,21892274.4917,21892064.6356
000001.SZ,20190321,12.77,12.8,12.58,12.69,12.75,-0.06,-0.4706,860140.8,1092506.482,0.5009,0.79,8.7796,0.99,1.8669,1717041.1366,1717024.6773,722055.496,21789252.0235,21789043.1549
000001.SZ,20190322,12.69,12.74,12.5,12.59,12.69,-0.1,-0.788,713502.06,898629.416,0.4155,0.68,8.7104,0.9822,1.8521,1717041.1366,1717024.6773,722055.496,21617547.9098,21617340.6872
000001.SZ,20190325,12.4,12.4,12.1,12.11,12.59,-0.48,-3.8125,1179883.26,1445560.16,0.6872,1.19,8.3783,0.9448,1.7815,1717041.1366,1717024.6773,722055.496,20793368.1642,20793168.8421
000001.SZ,20190326,12.23,12.29,12.01,12.1,12.11,-0.01,-0.0826,935393.27,1136721.266,0.5448,1.01,8.3714,0.944,1.7801,1717041.1366,1717024.6773,722055.496,20776197.7529,20775998.5953
000001.SZ,20190327,12.24,12.47,12.18,12.38,12.1,0.28,2.314,922826.8,1138302.657,0.5375,1.0,8.5651,0.9658,1.8213,1717041.1366,1717024.6773,761029.0923,21256969.2711,21256765.505
000001.SZ,20190328,12.31,12.31,12.1,12.22,12.38,-0.16,-1.2924,732467.44,892530.627,0.4266,0.79,8.4544,0.9534,1.7977,1717041.1366,1717024.6773,761029.0923,20982242.6893,20982041.5566
000001.SZ,20190329,12.26,12.82,12.21,12.82,12.22,0.6,4.91,1669506.47,2108295.393,0.9723,1.86,8.8696,1.0002,1.886,1717041.1366,1717024.6773,761029.0923,22012467.3712,22012256.363
000001.SZ,20190401,12.83,13.55,12.83,13.18,12.82,0.36,2.8081,1951401.19,2588268.668,1.1365,1.79,9.1186,1.0282,1.9389,1717041.1366,1717024.6773,761029.0923,22630602.1804,22630385.2468
000001.SZ,20190402,13.28,13.48,13.23,13.36,13.18,0.18,1.3657,1100384.04,1466040.987,0.6409,0.89,9.2432,1.0423,1.9654,1717041.1366,1717024.6773,761029.0923,22939669.585,22939449.6887
000001.SZ,20190403,13.21,13.45,13.15,13.44,13.36,0.08,0.5988,792915.79,1056166.231,0.4618,0.62,9.2985,1.0485,1.9772,1717041.1366,1717024.6773,761029.0923,23077032.8759,23076811.6629
000001.SZ,20190404,13.43,14.0,13.43,13.86,13.44,0.42,3.125,2034365.0,2796366.353,1.1848,1.63,9.5891,1.0813,2.039,1717041.1366,1717024.6773,761029.0923,23798190.1533,23797962.0274
000001.SZ,20190408,13.9,14.43,13.72,13.96,13.86,0.1,0.7215,1743176.2,2464536.241,1.0152,1.15,9.6583,1.0891,2.0537,1717041.1366,1717024.6773,761029.0923,23969894.2669,23969664.4951
000001.SZ,20190409,13.87,13.98,13.75,13.81,13.96,-0.15,-1.0745,781332.38,1080549.202,0.4551,0.51,9.5545,1.0774,2.0316,1717041.1366,1717024.6773,761029.0923,23712338.0964,23712110.7935
000001.SZ,20190410,13.75,13.88,13.4,13.73,13.81,-0.08,-0.5793,947135.06,1289475.602,0.5516,0.73,9.4991,1.0712,2.0199,1717041.1366,1717024.6773,761029.0923,23574974.8055,23574748.8193
000001.SZ,20190411,13.73,13.96,13.49,13.54,13.73,-0.19,-1.3838,655356.62,897382.236,0.3817,0.52,9.3677,1.0563,1.9919,1717041.1366,1717024.6773,761029.0923,23248736.9896,23248514.1306
000001.SZ,20190412,13.49,13.59,13.21,13.42,13.54,-0.12,-0.8863,774324.64,1035139.673,0.451,0.63,9.2847,1.047,1.9743,1717041.1366,1717024.6773,761029.0923,23042692.0532,23042471.1694
000001.SZ,20190415,13.72,14.09,13.66,13.69,13.42,0.27,2.0119,1533890.68,2134708.981,0.8933,1.56,9.4715,1.068,2.014,1717041.1366,1717024.6773,761029.0923,23506293.1601,23506067.8322
000001.SZ,20190416,13.67,14.58,13.55,14.58,13.69,0.89,6.5011,2379375.18,3379550.307,1.3858,2.54,10.0872,1.1375,2.1449,1717041.1366,1717024.6773,761029.0923,25034459.7716,25034219.795
000001.SZ,20190417,14.42,14.59,14.23,14.35,14.58,-0.23,-1.5775,1004109.87,1443493.493,0.5848,0.8,9.9281,1.1195,2.1111,1717041.1366,1717024.6773,761029.0923,24639540.3102,24639304.1193
000001.SZ,20190418,14.3,14.37,14.11,14.34,14.35,-0.01,-0.0697,507045.3,721908.8,0.2953,0.4,9.9212,1.1187,2.1096,1717041.1366,1717024.6773,761029.0923,24622369.8988,24622133.8725
000001.SZ,20190419,14.45,14.8,14.3,14.73,14.34,0.39,2.7197,1246036.09,1814875.936,0.7257,1.01,10.191,1.1492,2.167,1717041.1366,1717024.6773,761029.0923,25292015.9421,25291773.4966
000001.SZ,20190422,14.6,14.84,14.08,14.15,14.73,-0.58,-3.9375,1322273.9,1899850.004,0.7701,0.99,9.7897,1.1039,2.0816,1717041.1366,1717024.6773,761029.0923,24296132.0829,24295899.1838
000001.SZ,20190423,14.1,14.2,13.97,14.07,14.15,-0.08,-0.5654,940687.34,1326465.625,0.5479,0.73,9.7344,1.0977,2.0699,1717041.1366,1717024.6773,761029.0923,24158768.792,24158537.2096
000001.SZ,20190424,14.45,14.6,14.16,14.44,14.07,0.37,2.6297,1949723.63,2811131.027,1.1355,1.94,9.9904,1.091,2.1243,1717041.1366,1717024.6773,722055.496,24794074.0125,24793836.3402
000001.SZ,20190425,14.38,14.64,14.13,14.13,14.44,-0.31,-2.1468,1111476.37,1597895.217,0.6473,0.93,9.7759,1.0676,2.0787,1717041.1366,1717024.6773,722055.496,24261791.2602,24261558.6902
000001.SZ,20190426,14.08,14.25,13.7,13.79,14.13,-0.34,-2.4062,1009421.24,1407987.365,0.5879,0.77,9.5407,1.0419,2.0287,1717041.1366,1717024.6773,722055.496,23677997.2737,23677770.3
000001.SZ,20190429,13.9,14.33,13.86,14.1,13.79,0.31,2.248,1030695.75,1450714.134,0.6003,0.81,9.7551,1.0653,2.0743,1717041.1366,1717024.6773,722055.496,24210280.0261,24210047.9499
000001.SZ,20190430,13.99,14.05,13.59,13.85,14.1,-0.25,-1.773,1116570.27,1542958.577,0.6503,0.92,9.5822,1.0464,2.0375,1717041.1366,1717024.6773,722055.496,23781019.7419,23780791.7806
000001.SZ,20190506,13.1,13.35,12.71,12.87,13.85,-0.98,-7.0758,2108667.84,2742409.411,1.2281,1.7,8.9041,0.9724,1.8933,1717041.1366,1717024.6773,722055.496,22098319.428,22098107.5969
000001.SZ,20190507,13.03,13.09,12.72,12.95,12.87,0.08,0.6216,1072658.41,1386247.078,0.6247,0.84,8.9595,0.9784,1.9051,1717041.1366,1717024.6773,722055.496,22235682.719,22235469.571
000001.SZ,20190508,12.72,12.91,12.5,12.6,12.95,-0.35,-2.7027,975450.81,1236655.982,0.5681,0.77,8.7173,0.952,1.8536,1717041.1366,1717024.6773,722055.496,21634718.3212,21634510.934
000001.SZ,20190509,12.52,12.58,12.05,12.16,12.6,-0.44,-3.4921,1557151.61,1904905.488,0.9069,1.24,8.4129,0.9187,1.7889,1717041.1366,1717024.6773,722055.496,20879220.2211,20879020.076
000001.SZ,20190510,12.34,12.75,12.1,12.68,12.16,0.52,4.2763,1192399.08,1489975.624,0.6945,0.87,8.7727,0.958,1.8654,1717041.1366,1717024.6773,722055.496,21772081.6121,21771872.9082
000001.SZ,20190513,12.33,12.54,12.23,12.3,12.68,-0.38,-2.9968,741917.79,916213.719,0.4321,0.54,8.5098,0.9293,1.8095,1717041.1366,1717024.6773,722055.496,21119605.9802,21119403.5308
000001.SZ,20190514,12.2,12.75,12.16,12.49,12.3,0.19,1.5447,1182598.19,1477008.362,0.6887,1.07,8.6412,0.9437,1.8374,1717041.1366,1717024.6773,722055.496,21445843.7961,21445638.2195
000001.SZ,20190515,12.58,13.11,12.57,12.92,12.49,0.43,3.4428,1103988.51,1417050.112,0.643,0.98,8.9387,0.9762,1.9007,1717041.1366,1717024.6773,722055.496,22184171.4849,22183958.8307
000001.SZ,20190516,12.93,12.99,12.78,12.85,12.92,-0.07,-0.5418,634901.43,816740.932,0.3698,0.55,8.8903,0.9709,1.8904,1717041.1366,1717024.6773,722055.496,22063978.6053,22063767.1033
000001.SZ,20190517,12.92,12.93,12.36,12.44,12.85,-0.41,-3.1907,965000.85,1208569.909,0.562,0.99,8.6067,0.9399,1.8301,1717041.1366,1717024.6773,722055.496,21359991.7393,21359786.9856
000001.SZ,20190520,12.35,12.54,12.25,12.38,12.44,-0.06,-0.4823,786435.18,971222.474,0.458,0.85,8.5651,0.9354,1.8213,1717041.1366,1717024.6773,722055.496,21256969.2711,21256765.505
000001.SZ,20190521,12.4,12.73,12.36,12.56,12.38,0.18,1.454,731210.51,919191.24,0.4259,0.78,8.6897,0.949,1.8477,1717041.1366,1717024.6773,722055.496,21566036.6757,21565829.9469
000001.SZ,20190522,12.57,12.57,12.32,12.4,12.56,-0.16,-1.2739,506230.72,628437.47,0.2948,0.6,8.579,0.9369,1.8242,1717041.1366,1717024.6773,722055.496,21291310.0938,21291105.9985
000001.SZ,20190523,12.24,12.42,12.14,12.29,12.4,-0.11,-0.8871,666855.43,817850.53,0.3884,0.92,8.5029,0.9286,1.808,1717041.1366,1717024.6773,722055.496,21102435.5688,21102233.284
000001.SZ,20190524,12.35,12.45,12.31,12.35,12.29,0.06,0.4882,495526.2,613106.248,0.2886,0.68,8.5444,0.9331,1.8168,1717041.1366,1717024.6773,722055.496,21205458.037,21205254.7647
000001.SZ,20190527,12.21,12.42,11.93,12.37,12.35,0.02,0.1619,1048425.98,1275632.724,0.6106,1.65,8.5582,0.9346,1.8198,1717041.1366,1717024.6773,722055.496,21239798.8597,21239595.2582
000001.SZ,20190528,12.31,12.55,12.26,12.49,12.37,0.12,0.9701,880703.12,1094063.186,0.5129,1.28,8.6412,0.9437,1.8374,1717041.1366,1717024.6773,722055.496,21445843.7961,21445638.2195
000001.SZ,20190529,12.36,12.59,12.26,12.4,12.49,-0.09,-0.7206,666411.5,827828.661,0.3881,0.93,8.579,0.9369,1.8242,1717041.1366,1717024.6773,722055.496,21291310.0938,21291105.9985
000001.SZ,20190530,12.32,12.38,12.11,12.22,12.4,-0.18,-1.4516,646284.65,787801.007,0.3764,0.86,8.4544,0.9233,1.7977,1717041.1366,1717024.6773,722055.496,20982242.6893,20982041.5566
000001.SZ,20190531,12.16,12.4,12.11,12.18,12.22,-0.04,-0.3273,686794.39,839375.709,0.4,0.92,8.4268,0.9202,1.7918,1717041.1366,1717024.6773,722055.496,20913561.0438,20913360.5695
000001.SZ,20190603,12.22,12.33,11.82,11.9,12.18,-0.28,-2.2989,1512719.05,1816591.876,0.881,1.93,8.2331,0.8991,1.7506,1717041.1366,1717024.6773,722055.496,20432789.5255,20432593.6599
000001.SZ,20190604,11.89,11.94,11.6,11.85,11.9,-0.05,-0.4202,974655.34,1147709.578,0.5676,1.11,8.1985,0.8953,1.7433,1717041.1366,1717024.6773,722055.496,20346937.4687,20346742.426
000001.SZ,20190605,11.97,12.14,11.92,11.97,11.85,0.12,1.0127,748892.31,899331.716,0.4362,0.83,8.2815,0.9044,1.7609,1717041.1366,1717024.6773,722055.496,20552982.4051,20552785.3873
000001.SZ,20190606,11.97,12.07,11.89,11.92,11.97,-0.05,-0.4177,433665.26,519425.127,0.2526,0.47,8.2469,0.9006,1.7536,1717041.1366,1717024.6773,722055.496,20467130.3483,20466934.1534
000001.SZ,20190610,12.01,12.47,11.98,12.34,11.92,0.42,3.5235,1144668.82,1404223.62,0.6667,1.31,8.5375,0.9323,1.8154,1717041.1366,1717024.6773,722055.496,21188287.6256,21188084.5179
000001.SZ,20190611,12.34,12.72,12.3,12.65,12.34,0.31,2.5122,1251087.51,1574105.212,0.7286,1.3,8.7519,0.9558,1.861,1717041.1366,1717024.6773,722055.496,21720570.378,21720362.1678
000001.SZ,20190612,12.63,12.66,12.44,12.57,12.65,-0.08,-0.6324,657310.18,825178.004,0.3828,0.72,8.6966,0.9497,1.8492,1717041.1366,1717024.6773,722055.496,21583207.0871,21583000.1937
000001.SZ,20190613,12.54,12.68,12.43,12.59,12.57,0.02,0.1591,530000.26,666277.695,0.3087,0.63,8.7104,0.9512,1.8521,1717041.1366,1717024.6773,722055.496,21617547.9098,21617340.6872
000001.SZ,20190614,12.59,12.69,12.45,12.49,12.59,-0.1,-0.7943,483191.73,606815.214,0.2814,0.6,8.6412,0.9437,1.8374,1717041.1366,1717024.6773,722055.496,21445843.7961,21445638.2195
000001.SZ,20190617,12.48,12.79,12.48,12.67,12.49,0.18,1.4412,619815.88,786223.58,0.361,0.76,8.7658,0.9573,1.8639,1717041.1366,1717024.6773,722055.496,21754911.2007,21754702.6614
000001.SZ,20190618,12.67,12.85,12.59,12.8,12.67,0.13,1.026,483555.12,616237.571,0.2816,0.68,8.8557,0.9671,1.883,1717041.1366,1717024.6773,722055.496,21978126.5485,21977915.8694
000001.SZ,20190619,13.29,13.39,13.01,13.07,12.8,0.27,2.1094,1143226.39,1504997.837,0.6658,2.06,9.0425,0.9875,1.9228,1717041.1366,1717024.6773,722055.496,22441727.6554,22441512.5323
000001.SZ,20190620,13.17,13.95,13.12,13.8,13.07,0.73,5.5853,1529191.47,2083209.238,0.8906,2.35,9.5476,1.0426,2.0302,1717041.1366,1717024.6773,722055.496,23695167.6851,23694940.5467
000001.SZ,20190621,13.76,13.87,13.58,13.64,13.8,-0.16,-1.1594,1011129.15,1384099.587,0.5889,1.19,9.4369,1.0306,2.0066,1717041.1366,1717024.6773,722055.496,23420441.1032,23420216.5984
000001.SZ,20190624,13.69,13.83,13.61,13.69,13.64,0.05,0.3666,659572.85,904433.349,0.3841,0.69,9.4715,1.0343,2.014,1717041.1366,1717024.6773,722055.496,23506293.1601,23506067.8322
000001.SZ,20190625,13.72,13.72,13.07,13.43,13.69,-0.26,-1.8992,1469227.07,1954855.785,0.8557,1.52,9.2916,1.0147,1.9757,1717041.1366,1717024.6773,722055.496,23059862.4645,23059641.4161
000001.SZ,20190626,13.27,13.5,13.19,13.37,13.29,0.08,0.602,546504.76,731207.282,0.3183,0.47,9.2501,1.0047,1.9669,1717041.1366,1717024.6773,722055.496,22956839.9963,22956619.9355
000001.SZ,20190627,13.5,13.85,13.45,13.71,13.37,0.34,2.543,925074.94,1270042.461,0.5388,0.89,9.4853,1.0302,2.0169,1717041.1366,1717024.6773,722055.496,23540633.9828,23540408.3258
000001.SZ,20190628,13.73,13.79,13.58,13.78,13.71,0.07,0.5106,498093.69,682679.97,0.2901,0.54,9.5337,1.0355,2.0272,1717041.1366,1717024.6773,722055.496,23660826.8623,23660600.0532
000001.SZ,20190701,14.01,14.18,13.87,13.93,13.78,0.15,1.0885,960636.0,1347792.874,0.5595,1.17,9.6375,1.0468,2.0493,1717041.1366,1717024.6773,722055.496,23918383.0328,23918153.7548
000001.SZ,20190702,13.88,14.24,13.86,14.18,13.93,0.25,1.7947,1052744.86,1481211.353,0.6131,1.2,9.8105,1.0656,2.0861,1717041.1366,1717024.6773,722055.496,24347643.317,24347409.9241
000001.SZ,20190703,14.18,14.21,13.87,14.01,14.18,-0.17,-1.1989,769078.49,1076744.4,0.4479,0.97,9.6929,1.0528,2.061,1717041.1366,1717024.6773,722055.496,24055746.3238,24055515.729
000001.SZ,20190704,14.01,14.28,13.88,13.99,14.01,-0.02,-0.1428,621292.52,873624.287,0.3618,0.74,9.679,1.0513,2.0581,1717041.1366,1717024.6773,722055.496,24021405.501,24021175.2354
000001.SZ,20190705,13.95,13.98,13.69,13.92,13.99,-0.07,-0.5004,749196.09,1037357.175,0.4363,0.96,9.6306,1.046,2.0478,1717041.1366,1717024.6773,722055.496,23901212.6215,23900983.508
000001.SZ,20190708,13.82,13.88,13.45,13.59,13.92,-0.33,-2.3707,778413.9,1061095.712,0.4534,0.94,9.4023,1.0212,1.9993,1717041.1366,1717024.6773,722055.496,23334589.0464,23334365.3645
000001.SZ,20190709,13.63,13.71,13.44,13.59,13.59,0.0,0.0,494296.11,670391.72,0.2879,0.62,9.4023,1.0212,1.9993,1717041.1366,1717024.6773,722055.496,23334589.0464,23334365.3645
000001.SZ,20190710,13.61,13.7,13.49,13.56,13.59,-0.03,-0.2208,358220.79,487071.876,0.2086,0.52,9.3815,1.019,1.9948,1717041.1366,1717024.6773,722055.496,23283077.8123,23282854.6242
000001.SZ,20190711,13.68,13.78,13.53,13.54,13.56,-0.02,-0.1475,484183.14,660588.299,0.282,0.81,9.3677,1.0175,1.9919,1717041.1366,1717024.6773,722055.496,23248736.9896,23248514.1306
000001.SZ,20190712,13.6,14.23,13.58,14.12,13.54,0.58,4.2836,1465366.52,2055749.881,0.8534,2.56,9.769,1.0611,2.0772,1717041.1366,1717024.6773,722055.496,24244620.8488,24244388.4435
000001.SZ,20190715,14.03,14.12,13.84,14.0,14.12,-0.12,-0.8499,841282.76,1175798.104,0.49,1.17,9.6859,1.052,2.0596,1717041.1366,1717024.6773,722055.496,24038575.9124,24038345.4822
000001.SZ,20190716,13.97,13.99,13.71,13.75,14.0,-0.25,-1.7857,722780.79,998151.578,0.4209,0.99,9.513,1.0333,2.0228,1717041.1366,1717024.6773,722055.496,23609315.6283,23609089.3129
000001.SZ,20190717,13.7,13.81,13.61,13.69,13.75,-0.06,-0.4364,410020.63,561944.451,0.2388,0.53,9.4715,1.0287,2.014,1717041.1366,1717024.6773,722055.496,23506293.1601,23506067.8322
000001.SZ,20190718,13.65,13.81,13.56,13.67,13.69,-0.02,-0.1461,422826.22,578067.487,0.2463,0.54,9.4576,1.0272,2.011,1717041.1366,1717024.6773,722055.496,23471952.3373,23471727.3387
000001.SZ,20190719,13.74,14.08,13.68,13.99,13.67,0.32,2.3409,866390.7,1207316.526,0.5046,1.12,9.679,1.0513,2.0581,1717041.1366,1717024.6773,722055.496,24021405.501,24021175.2354
000001.SZ,20190722,13.96,14.02,13.76,13.85,13.99,-0.14,-1.0007,582283.3,807249.426,0.3391,0.89,9.5822,1.0408,2.0375,1717041.1366,1717024.6773,722055.496,23781019.7419,23780791.7806
000001.SZ,20190723,13.86,13.87,13.65,13.76,13.85,-0.09,-0.6498,504004.23,692328.447,0.2935,0.84,9.5199,1.034,2.0243,1717041.1366,1717024.6773,722055.496,23626486.0396,23626259.5596
000001.SZ,20190724,13.87,14.01,13.79,13.88,13.76,0.12,0.8721,570276.22,793387.782,0.3321,1.02,9.6029,1.043,2.0419,1717041.1366,1717024.6773,722055.496,23832530.976,23832302.5209
000001.SZ,20190725,13.92,14.27,13.85,14.2,13.88,0.32,2.3055,1087826.41,1534889.645,0.6336,1.85,9.8243,1.0671,2.089,1717041.1366,1717024.6773,722055.496,24381984.1397,24381750.4177
000001.SZ,20190726,14.18,14.25,14.08,14.23,14.2,0.03,0.2113,635305.71,901074.107,0.37,0.88,9.8451,1.0693,2.0934,1717041.1366,1717024.6773,722055.496,24433495.3738,24433261.158
000001.SZ,20190729,14.25,14.45,14.18,14.29,14.23,0.06,0.4216,715576.19,1023261.763,0.4168,1.06,9.8866,1.0738,2.1022,1717041.1366,1717024.6773,722055.496,24536517.842,24536282.6386
000001.SZ,20190730,14.31,14.55,14.29,14.37,14.29,0.08,0.5598,796634.32,1148582.412,0.464,1.13,9.9419,1.0798,2.114,1717041.1366,1717024.6773,722055.496,24673881.1329,24673644.6128
000001.SZ,20190731,14.3,14.32,14.08,14.13,14.37,-0.24,-1.6701,634723.48,899227.865,0.3697,0.83,9.7759,1.0618,2.0787,1717041.1366,1717024.6773,722055.496,24261791.2602,24261558.6902
000001.SZ,20190801,14.06,14.19,13.94,14.1,14.13,-0.03,-0.2123,527981.28,742308.285,0.3075,0.68,9.7551,1.0596,2.0743,1717041.1366,1717024.6773,722055.496,24210280.0261,24210047.9499
000001.SZ,20190802,13.77,13.88,13.66,13.74,14.1,-0.36,-2.5532,969926.46,1333400.773,0.5649,1.47,9.5061,1.0325,2.0213,1717041.1366,1717024.6773,722055.496,23592145.2169,23591919.0661
000001.SZ,20190805,13.6,13.64,13.27,13.35,13.74,-0.39,-2.8384,893082.42,1201885.399,0.5201,1.23,9.2362,1.0032,1.964,1717041.1366,1717024.6773,722055.496,22922499.1736,22922279.442
000001.SZ,20190806,13.1,13.46,13.03,13.37,13.35,0.02,0.1498,882499.13,1166971.469,0.514,1.15,9.2501,1.0047,1.9669,1717041.1366,1717024.6773,722055.496,22956839.9963,22956619.9355
000001.SZ,20190807,13.49,13.64,13.37,13.54,13.37,0.17,1.2715,793038.99,1070736.943,0.4619,1.01,9.3677,1.0175,1.9919,1717041.1366,1717024.6773,722055.496,23248736.9896,23248514.1306
000001.SZ,20190808,13.9,14.5,13.85,14.38,13.54,0.84,6.2038,2330715.04,3313302.1,1.3574,2.87,9.9488,1.06,2.1155,1717041.1366,1717024.5848,722055.496,24691051.5443,24690813.5294
000001.SZ,20190809,14.55,14.85,14.43,14.52,14.38,0.14,0.9736,2060575.13,3021884.306,1.2001,1.76,10.0457,1.0704,2.1361,1717041.1366,1717024.5848,761028.9998,24931437.3034,24931196.9713
000001.SZ,20190812,14.61,15.12,14.6,15.12,14.52,0.6,4.1322,2733425.47,4084497.902,1.592,1.96,10.4608,1.1146,2.2243,1717041.1366,1717024.5848,761028.9998,25961661.9854,25961411.7222
000001.SZ,20190813,15.0,15.08,14.74,14.89,15.12,-0.23,-1.5212,1293736.44,1925835.288,0.7535,0.74,10.3017,1.0976,2.1905,1717041.1366,1717024.5848,761028.9998,25566742.524,25566496.0677
000001.SZ,20190814,15.14,15.22,14.8,14.97,14.89,0.08,0.5373,1360546.54,2038261.151,0.7924,0.74,10.357,1.1035,2.2023,1717041.1366,1717024.5848,761028.9998,25704105.8149,25703858.0345
000001.SZ,20190815,14.64,14.96,14.6,14.94,14.97,-0.03,-0.2004,897376.26,1333117.725,0.5226,0.46,10.3363,1.1013,2.1979,1717041.1366,1717024.5848,761028.9998,25652594.5808,25652347.2969
000001.SZ,20190816,15.09,15.14,14.78,14.9,14.94,-0.04,-0.2677,986902.93,1474900.257,0.5748,0.59,10.3086,1.0984,2.192,1717041.1366,1717024.5848,761028.9998,25583912.9353,25583666.3135
000001.SZ,20190819,14.91,14.94,14.52,14.92,14.9,0.02,0.1342,2292956.13,3368207.935,1.3354,1.58,10.3224,1.0998,2.1949,1717041.1366,1717024.5848,761028.9998,25618253.7581,25618006.8052
000001.SZ,20190820,14.92,15.2,14.77,14.99,14.92,0.07,0.4692,1921041.5,2872304.2,1.1188,1.41,10.3709,1.105,2.2052,1717041.1366,1717024.5848,761028.9998,25738446.6376,25738198.5262
000001.SZ,20190821,14.87,14.89,14.38,14.45,14.99,-0.54,-3.6024,1990131.95,2902251.1,1.1591,1.33,9.9973,1.0652,2.1258,1717041.1366,1717024.5848,761028.9998,24811244.4239,24811005.2504
000001.SZ,20190822,14.4,14.45,14.2,14.31,14.45,-0.14,-0.9689,1353071.58,1935208.499,0.788,0.84,9.9004,1.0549,2.1052,1717041.1366,1717024.5848,761028.9998,24570858.6647,24570621.8085
000001.SZ,20190823,14.37,14.74,14.35,14.65,14.31,0.34,2.376,1636867.68,2388239.081,0.9533,0.96,10.1356,1.0799,2.1552,1717041.1366,1717024.5848,761028.9998,25154652.6512,25154410.1673
000001.SZ,20190826,14.42,14.5,14.15,14.25,14.65,-0.4,-2.7304,1415122.54,2018498.039,0.8242,0.77,9.8589,1.0505,2.0964,1717041.1366,1717024.5848,761028.9998,24467836.1966,24467600.3334
000001.SZ,20190827,14.36,14.48,14.24,14.31,14.25,0.06,0.4211,1356713.37,1948127.123,0.7902,0.82,9.9004,1.0549,2.1052,1717041.1366,1717024.5848,761028.9998,24570858.6647,24570621.8085
000001.SZ,20190828,14.26,14.28,14.05,14.27,14.31,-0.04,-0.2795,829657.68,1176329.095,0.4832,0.54,9.8727,1.0519,2.0993,1717041.1366,1717024.5848,761028.9998,24502177.0193,24501940.8251
000001.SZ,20190829,14.22,14.24,14.08,14.13,14.27,-0.14,-0.9811,609034.34,861177.482,0.3547,0.46,9.7759,1.0416,2.0787,1717041.1366,1717024.5848,761028.9998,24261791.2602,24261557.3832
000001.SZ,20190830,14.29,14.39,14.1,14.16,14.13,0.03,0.2123,798500.57,1136119.659,0.465,0.68,9.7966,1.0438,2.0831,1717041.1366,1717024.5848,761028.9998,24313302.4943,24313068.1208
000001.SZ,20190902,14.15,14.5,14.11,14.45,14.16,0.29,2.048,1360201.3,1955673.136,0.7922,1.36,9.9973,1.0652,2.1258,1717041.1366,1717024.5848,761028.9998,24811244.4239,24811005.2504
000001.SZ,20190903,14.48,14.51,14.25,14.3,14.45,-0.15,-1.0381,858653.65,1230606.485,0.5001,0.87,9.8935,1.0541,2.1037,1717041.1366,1717024.5848,761028.9998,24553688.2534,24553451.5626
000001.SZ,20190904,14.32,14.5,14.31,14.44,14.3,0.14,0.979,973964.87,1404037.295,0.5672,1.09,9.9904,1.0645,2.1243,1717041.1366,1717024.5848,761028.9998,24794074.0125,24793835.0045
000001.SZ,20190905,14.56,14.85,14.55,14.58,14.44,0.14,0.9695,1768051.43,2599478.258,1.0297,1.92,10.0872,1.0748,2.1449,1717041.1366,1717024.5848,761028.9998,25034459.7716,25034218.4464
000001.SZ,20190906,14.71,14.81,14.62,14.81,14.58,0.23,1.5775,986432.8,1451264.912,0.5745,0.86,10.2463,1.0917,2.1787,1717041.1366,1717024.5848,761028.9998,25429379.233,25429134.1009
000001.SZ,20190909,14.98,15.0,14.6,14.69,14.81,-0.12,-0.8103,1299839.14,1918042.303,0.757,1.09,10.1633,1.0829,2.1611,1717041.1366,1717024.5848,761028.9998,25223334.2967,25223091.1507
000001.SZ,20190910,14.6,14.64,14.41,14.55,14.69,-0.14,-0.953,796870.64,1155180.739,0.4641,0.68,10.0665,1.0726,2.1405,1717041.1366,1717024.5848,761028.9998,24982948.5375,24982707.7088
000001.SZ,20190911,14.6,14.71,14.46,14.56,14.55,0.01,0.0687,818614.21,1192674.258,0.4768,0.7,10.0734,1.0733,2.142,1717041.1366,1717024.5848,761028.9998,25000118.9489,24999877.9547
000001.SZ,20190912,14.66,14.78,14.53,14.68,14.56,0.12,0.8242,1150687.64,1682911.849,0.6702,1.01,10.1564,1.0822,2.1596,1717041.1366,1717024.5848,761028.9998,25206163.8853,25205920.9049
000001.SZ,20190916,14.7,14.72,14.4,14.45,14.68,-0.23,-1.5668,929894.14,1349401.481,0.5416,0.92,9.9973,1.0652,2.1258,1717041.1366,1717024.5848,761028.9998,24811244.4239,24811005.2504
000001.SZ,20190917,14.36,14.45,14.18,14.24,14.45,-0.21,-1.4533,882655.75,1261416.554,0.4672,0.88,10.8396,1.0635,2.3049,1889158.0601,1889141.5083,761028.9998,26901610.7758,26901375.0782
000001.SZ,20190918,14.24,14.48,14.24,14.41,14.24,0.17,1.1938,820436.33,1179079.988,0.4343,0.9,10.969,1.0762,2.3324,1889158.0601,1889141.5083,933145.9233,27222767.646,27222529.1346
000001.SZ,20190919,14.48,14.89,14.48,14.84,14.41,0.43,2.984,1884020.83,2777383.508,0.9973,2.05,11.2963,1.1084,2.402,1889158.0601,1889141.5083,933145.9233,28035105.6119,28034859.9832
000001.SZ,20190920,14.95,15.4,14.93,15.34,14.84,0.5,3.3693,2644285.14,4020646.521,1.3997,2.33,11.6769,1.1457,2.4829,1889158.0601,1889141.5083,933145.9233,28979684.6419,28979430.7373
000001.SZ,20190923,15.34,15.47,15.18,15.38,15.34,0.04,0.2608,1403282.0,2148740.448,0.7428,0.98,11.7073,1.1487,2.4894,1889158.0601,1889141.5083,933145.9233,29055250.9643,29054996.3977
000001.SZ,20190924,15.47,15.54,15.18,15.18,15.38,-0.2,-1.3004,1129103.24,1726238.272,0.5977,0.74,11.5551,1.1338,2.457,1889158.0601,1889141.5083,933145.9233,28677419.3523,28677168.096
000001.SZ,20190925,15.2,15.85,15.19,15.75,15.18,0.57,3.7549,1938892.72,3024598.93,1.0263,1.23,11.989,1.1763,2.5493,1889158.0601,1889141.5083,933145.9233,29754239.4466,29753978.7557
000001.SZ,20190926,15.86,16.04,15.66,15.71,15.75,-0.04,-0.254,1686592.58,2673096.951,0.8928,0.94,11.9585,1.1733,2.5428,1889158.0601,1889141.5083,933145.9233,29678673.1242,29678413.0954
000001.SZ,20190927,15.85,16.0,15.7,15.9,15.71,0.19,1.2094,1007706.27,1598567.052,0.5193,0.57,12.4327,1.1917,2.6436,1940591.8198,1940575.268,933145.9233,30855409.9348,30855146.7612
000001.SZ,20190930,15.75,15.89,15.57,15.59,15.9,-0.31,-1.9497,1046363.17,1645828.526,0.5392,0.73,12.1903,1.1684,2.5921,1940591.8198,1940575.268,984579.683,30253826.4707,30253568.4281
000001.SZ,20191008,15.6,16.23,15.6,16.2,15.59,0.61,3.9128,1386676.36,2225024.598,0.7146,1.02,12.6673,1.2142,2.6935,1940591.8198,1940575.268,984579.683,31437587.4808,31437319.3416
000001.SZ,20191009,16.1,16.52,16.02,16.25,16.2,0.05,0.3086,1316693.41,2145061.763,0.6785,0.93,12.7063,1.2179,2.7018,1940591.8198,1940575.268,984579.683,31534617.0718,31534348.105
000001.SZ,20191010,16.27,16.27,15.99,16.24,16.25,-0.01,-0.0615,879746.62,1418751.875,0.4533,0.68,12.6985,1.2172,2.7002,1940591.8198,1940575.268,984579.683,31515211.1536,31514942.3523
000001.SZ,20191011,16.2,16.95,16.2,16.81,16.24,0.57,3.5099,1405422.82,2335030.599,0.7242,1.25,13.1442,1.2599,2.7949,1940591.8198,1940575.268,984579.683,32621348.4908,32621070.2551
000001.SZ,20191014,16.97,17.6,16.92,17.22,16.81,0.41,2.439,1557637.45,2688929.547,0.8027,1.29,13.4648,1.2906,2.8631,1940591.8198,1940575.268,984579.683,33416991.137,33416706.115
000001.SZ,20191015,17.25,17.35,16.82,17.18,17.22,-0.04,-0.2323,881955.42,1503633.369,0.4545,0.67,13.4335,1.2876,2.8565,1940591.8198,1940575.268,984579.683,33339367.4642,33339083.1042
000001.SZ,20191016,17.26,17.44,16.63,16.79,17.18,-0.39,-2.2701,1267671.21,2146150.627,0.6532,1.05,13.1286,1.2584,2.7916,1940591.8198,1940575.268,984579.683,32582536.6544,32582258.7497
000001.SZ,20191017,16.9,17.0,16.55,16.7,16.79,-0.09,-0.536,1126182.22,1887045.621,0.5803,0.94,13.0582,1.2516,2.7766,1940591.8198,1940575.268,984579.683,32407883.3907,32407606.9756
000001.SZ,20191018,16.8,17.04,16.43,16.51,16.7,-0.19,-1.1377,1196799.14,1999012.671,0.6167,0.96,12.9097,1.2374,2.7451,1940591.8198,1940575.268,984579.683,32039170.9449,32038897.6747
000001.SZ,20191021,16.43,16.97,16.43,16.89,16.51,0.38,2.3016,945952.25,1589276.085,0.4875,0.78,13.2068,1.2659,2.8082,1940591.8198,1940575.268,984579.683,32776595.8364,32776316.2765
000001.SZ,20191022,16.91,16.93,16.03,16.42,16.89,-0.47,-2.7827,1883531.43,3072547.165,0.9706,1.74,12.8393,1.1884,2.7301,1940591.8198,1940575.268,860111.1956,31864517.6811,31864245.9006
000001.SZ,20191023,16.32,16.67,16.23,16.45,16.42,0.03,0.1827,967534.59,1590781.971,0.4986,0.75,12.8627,1.1906,2.7351,1940591.8198,1940575.268,860111.1956,31922735.4357,31922463.1586
000001.SZ,20191024,16.5,17.0,16.44,16.87,16.45,0.42,2.5532,1109214.77,1861032.918,0.5716,0.91,13.1911,1.221,2.8049,1940591.8198,1940575.268,860111.1956,32737784.0,32737504.7712
000001.SZ,20191025,16.78,16.96,16.58,16.88,16.87,0.01,0.0593,691435.76,1161100.08,0.3563,0.57,13.199,1.2217,2.8066,1940591.8198,1940575.268,860111.1956,32757189.9182,32756910.5238
000001.SZ,20191028,16.98,17.04,16.48,16.66,16.88,-0.22,-1.3033,1070131.13,1780873.358,0.5515,0.96,13.0269,1.2058,2.77,1940591.8198,1940575.268,860111.1956,32330259.7179,32329983.9649
000001.SZ,20191029,16.69,16.93,16.56,16.91,16.66,0.25,1.5006,788864.73,1322036.352,0.4065,0.69,13.2224,1.2239,2.8116,1940591.8198,1940575.268,860111.1956,32815407.6728,32815127.7819
000001.SZ,20191030,16.8,16.96,16.42,16.43,16.91,-0.48,-2.8386,854317.17,1420644.944,0.4402,0.92,12.8471,1.1892,2.7318,1940591.8198,1940575.268,860111.1956,31883923.5993,31883651.6532
000001.SZ,20191031,16.42,16.47,16.24,16.26,16.43,-0.17,-1.0347,862569.3,1407006.434,0.4445,0.96,12.7142,1.1769,2.7035,1940591.8198,1940575.268,860111.1956,31554022.9899,31553753.8577
000001.SZ,20191101,16.35,17.0,16.28,16.86,16.26,0.6,3.69,1254655.44,2096068.96,0.6465,1.47,13.1833,1.2203,2.8032,1940591.8198,1940575.268,860111.1956,32718378.0818,32718099.0185
000001.SZ,20191104,16.98,17.25,16.77,16.92,16.86,0.06,0.3559,889824.25,1507910.818,0.4585,0.92,13.2302,1.2246,2.8132,1940591.8198,1940575.268,860111.1956,32834813.591,32834533.5346
000001.SZ,20191105,16.8,17.44,16.79,17.15,16.92,0.23,1.3593,1172485.89,2010924.199,0.6042,1.26,13.4101,1.2413,2.8515,1940591.8198,1940575.268,860111.1956,33281149.7096,33280865.8462
000001.SZ,20191106,17.06,17.26,16.88,16.96,17.15,-0.19,-1.1079,863325.36,1470233.502,0.4449,0.86,13.2615,1.2275,2.8199,1940591.8198,1940575.268,860111.1956,32912437.2638,32912156.5453
000001.SZ,20191107,16.93,17.07,16.75,16.89,16.96,-0.07,-0.4127,711896.99,1200671.649,0.3668,0.71,13.2068,1.2225,2.8082,1940591.8198,1940575.268,860111.1956,32776595.8364,32776316.2765
000001.SZ,20191108,16.98,17.02,16.64,16.65,16.89,-0.24,-1.421,849139.24,1421088.326,0.4376,0.87,13.0191,1.2051,2.7683,1940591.8198,1940575.268,860111.1956,32310853.7997,32310578.2122
000001.SZ,20191111,16.5,16.53,16.2,16.28,16.65,-0.37,-2.2222,953515.63,1556517.253,0.4914,1.06,12.7298,1.1783,2.7068,1940591.8198,1940575.268,860111.1956,31592834.8263,31592565.363
000001.SZ,20191112,16.29,16.37,16.16,16.33,16.28,0.05,0.3071,516266.4,840769.286,0.266,0.57,12.7689,1.1819,2.7151,1940591.8198,1940575.268,860111.1956,31689864.4173,31689594.1264
000001.SZ,20191113,16.29,16.46,16.06,16.33,16.33,0.0,0.0,655120.65,1067975.601,0.3376,0.84,12.7689,1.1819,2.7151,1940591.8198,1940575.268,860111.1956,31689864.4173,31689594.1264
000001.SZ,20191114,16.43,16.48,16.25,16.32,16.33,-0.01,-0.0612,468899.55,767006.342,0.2416,0.64,12.7611,1.1812,2.7135,1940591.8198,1940575.268,860111.1956,31670458.4991,31670188.3738
000001.SZ,20191115,16.39,16.55,16.24,16.34,16.32,0.02,0.1225,569227.98,933539.572,0.2933,0.83,12.7767,1.1827,2.7168,1940591.8198,1940575.268,860111.1956,31709270.3355,31708999.8791
000001.SZ,20191118,16.35,16.55,16.23,16.45,16.34,0.11,0.6732,557918.41,915983.935,0.2875,0.88,12.8627,1.1906,2.7351,1940591.8198,1940575.268,860111.1956,31922735.4357,31922463.1586
000001.SZ,20191119,16.45,16.48,16.31,16.41,16.45,-0.04,-0.2432,562120.4,920998.203,0.2897,1.02,12.8315,1.1877,2.7284,1940591.8198,1940575.268,860111.1956,31845111.7629,31844840.1479
000001.SZ,20191120,16.3,16.3,15.77,15.85,16.41,-0.56,-3.4126,1724383.53,2747598.383,0.8886,3.06,12.3936,1.1472,2.6353,1940591.8198,1940575.268,860111.1956,30758380.3438,30758117.9978
000001.SZ,20191121,15.75,15.87,15.63,15.86,15.85,0.01,0.0631,772563.24,1218516.399,0.3981,0.99,12.4014,1.1479,2.637,1940591.8198,1940575.268,860111.1956,30777786.262,30777523.7505
000001.SZ,20191122,15.89,15.92,15.55,15.59,15.86,-0.27,-1.7024,773473.54,1216064.537,0.3986,0.92,12.1903,1.1284,2.5921,1940591.8198,1940575.268,860111.1956,30253826.4707,30253568.4281
000001.SZ,20191125,15.64,15.84,15.54,15.8,15.59,0.21,1.347,783257.94,1233388.886,0.4036,0.89,12.3545,1.1436,2.627,1940591.8198,1940575.268,860111.1956,30661350.7528,30661089.2344
000001.SZ,20191126,15.89,15.89,15.49,15.62,15.8,-0.18,-1.1392,815297.53,1271594.662,0.4201,0.88,12.2137,1.1305,2.5971,1940591.8198,1940575.268,860111.1956,30312044.2253,30311785.6862
000001.SZ,20191127,15.64,15.64,15.39,15.47,15.62,-0.15,-0.9603,476169.98,736584.294,0.2454,0.49,12.0964,1.1197,2.5721,1940591.8198,1940575.268,860111.1956,30020955.4523,30020699.396
000001.SZ,20191128,15.47,15.54,15.44,15.49,15.47,0.02,0.1293,378016.51,585252.046,0.1948,0.52,12.1121,1.1211,2.5755,1940591.8198,1940575.268,860111.1956,30059767.2887,30059510.9013
000001.SZ,20191129,15.54,15.55,15.18,15.29,15.49,-0.2,-1.2912,653866.91,1001451.096,0.3369,1.01,11.9557,1.1067,2.5422,1940591.8198,1940575.268,860111.1956,29671648.9247,29671395.8477
000001.SZ,20191202,15.35,15.43,15.23,15.36,15.29,0.07,0.4578,553877.38,849784.129,0.2854,0.89,12.0104,1.1117,2.5538,1940591.8198,1940575.268,860111.1956,29807490.3521,29807236.1165
000001.SZ,20191203,15.3,15.46,15.21,15.45,15.36,0.09,0.5859,455418.05,700293.548,0.2347,0.79,12.0808,1.1182,2.5688,1940591.8198,1940575.268,860111.1956,29982143.6159,29981887.8906
000001.SZ,20191204,15.34,15.41,15.21,15.31,15.45,-0.14,-0.9061,524545.27,802110.334,0.2703,1.04,11.9713,1.1081,2.5455,1940591.8198,1940575.268,860111.1956,29710460.7611,29710207.3531
000001.SZ,20191205,15.35,15.48,15.3,15.43,15.31,0.12,0.7838,557084.46,857682.575,0.2871,1.09,12.0652,1.1168,2.5655,1940591.8198,1940575.268,860111.1956,29943331.7795,29943076.3852
000001.SZ,20191206,15.47,15.72,15.46,15.6,15.43,0.17,1.1017,712615.24,1109423.061,0.3672,1.3,12.1981,1.1291,2.5938,1940591.8198,1940575.268,860111.1956,30273232.3889,30272974.1808
000001.SZ,20191209,15.62,15.62,15.35,15.41,15.6,-0.19,-1.2179,605992.89,935135.952,0.3123,1.08,12.0495,1.1153,2.5622,1940591.8198,1940575.268,860111.1956,29904519.9431,29904264.8799
000001.SZ,20191210,15.36,15.38,15.25,15.33,15.41,-0.08,-0.5191,556383.88,851377.532,0.2867,0.97,11.987,1.1096,2.5489,1940591.8198,1940575.268,860111.1956,29749272.5975,29749018.8584
000001.SZ,20191211,15.38,15.68,15.3,15.66,15.33,0.33,2.1526,871505.19,1351786.53,0.4491,1.47,12.245,1.1334,2.6037,1940591.8198,1940575.268,860111.1956,30389667.8981,30389408.6969
000001.SZ,20191212,15.66,15.67,15.53,15.6,15.66,-0.06,-0.3831,478998.82,747519.511,0.2468,0.72,12.1981,1.1291,2.5938,1940591.8198,1940575.268,860111.1956,30273232.3889,30272974.1808
000001.SZ,20191213,15.85,16.12,15.77,16.12,15.6,0.52,3.3333,1053103.81,1680707.282,0.5427,1.63,12.6047,1.1667,2.6802,1940591.8198,1940575.268,860111.1956,31282340.1352,31282073.3202
000001.SZ,20191216,16.12,16.14,15.87,16.13,16.12,0.01,0.062,787952.34,1262802.471,0.406,1.1,12.6125,1.1675,2.6819,1940591.8198,1940575.268,860111.1956,31301746.0534,31301479.0728
000001.SZ,20191217,16.0,16.63,15.98,16.5,16.13,0.37,2.2939,1203104.9,1969891.323,0.62,1.61,12.9018,1.1942,2.7434,1940591.8198,1940575.268,860111.1956,32019765.0267,32019491.922
000001.SZ,20191218,16.43,16.66,16.41,16.46,16.5,-0.04,-0.2424,797091.33,1317608.543,0.4108,0.91,12.8706,1.1913,2.7367,1940591.8198,1940575.268,860111.1956,31942141.3539,31941868.9113
000001.SZ,20191219,16.55,16.74,16.44,16.55,16.46,0.09,0.5468,675536.76,1119925.969,0.3481,0.78,12.9409,1.1979,2.7517,1940591.8198,1940575.268,860111.1956,32116794.6177,32116520.6854
000001.SZ,20191220,16.55,16.68,16.44,16.59,16.55,0.04,0.2417,644478.38,1067869.779,0.3321,0.71,12.9722,1.2007,2.7584,1940591.8198,1940575.268,860111.1956,32194418.2905,32194143.6961
000001.SZ,20191223,16.68,16.68,16.17,16.24,16.59,-0.35,-2.1097,715792.72,1173372.08,0.3689,0.87,12.6985,1.1754,2.7002,1940591.8198,1940575.268,860111.1956,31515211.1536,31514942.3523
000001.SZ,20191224,16.23,16.5,16.23,16.4,16.24,0.16,0.9852,459128.42,752351.618,0.2366,0.57,12.8236,1.187,2.7268,1940591.8198,1940575.268,860111.1956,31825705.8447,31825434.3952
000001.SZ,20191225,16.45,16.56,16.24,16.3,16.4,-0.1,-0.6098,414917.98,679664.596,0.2138,0.63,12.7454,1.1798,2.7101,1940591.8198,1940575.268,860111.1956,31631646.6627,31631376.8684
000001.SZ,20191226,16.34,16.48,16.32,16.47,16.3,0.17,1.0429,372033.86,610381.757,0.1917,0.64,12.8784,1.1921,2.7384,1940591.8198,1940575.268,860111.1956,31961547.2721,31961274.664
000001.SZ,20191227,16.53,16.93,16.43,16.63,16.47,0.16,0.9715,1042574.72,1741473.179,0.5373,2.0,13.0035,1.2036,2.765,1940591.8198,1940575.268,860111.1956,32272041.9633,32271766.7068
000001.SZ,20191230,16.46,16.63,16.1,16.57,16.63,-0.06,-0.3608,976970.31,1603152.786,0.5034,1.63,12.9566,1.1993,2.755,1940591.8198,1940575.268,860111.1956,32155606.4541,32155332.1908
000001.SZ,20191231,16.57,16.63,16.31,16.45,16.57,-0.12,-0.7242,704442.25,1154704.348,0.363,1.08,12.8627,1.1906,2.7351,1940591.8198,1940575.268,860111.1956,31922735.4357,31922463.1586
000001.SZ,20200102,16.65,16.95,16.55,16.87,16.45,0.42,2.5532,1530231.87,2571196.482,0.7885,2.18,13.1911,1.221,2.8049,1940591.8198,1940575.268,860111.1956,32737784.0,32737504.7712
000001.SZ,20200103,16.94,17.31,16.92,17.18,16.87,0.31,1.8376,1116194.81,1914495.474,0.5752,1.21,13.4335,1.2434,2.8565,1940591.8198,1940575.268,860111.1956,33339367.4642,33339083.1042
000001.SZ,20200106,17.01,17.34,16.91,17.07,17.18,-0.11,-0.6403,862083.5,1477930.193,0.4442,0.8,13.3475,1.2355,2.8382,1940591.8198,1940575.268,860111.1956,33125902.364,33125619.8248
000001.SZ,20200107,17.13,17.28,16.95,17.15,17.07,0.08,0.4687,728607.56,1247047.135,0.3755,0.7,13.4101,1.2413,2.8515,1940591.8198,1940575.268,860111.1956,33281149.7096,33280865.8462
000001.SZ,20200108,17.0,17.05,16.63,16.66,17.15,-0.49,-2.8571,847824.12,1423608.811,0.4369,0.86,13.0269,1.2058,2.77,1940591.8198,1940575.268,860111.1956,32330259.7179,32329983.9649
000001.SZ,20200109,16.81,16.93,16.53,16.79,16.66,0.13,0.7803,1031636.65,1725326.806,0.5316,1.01,13.1286,1.2152,2.7916,1940591.8198,1940575.268,860111.1956,32582536.6544,32582258.7497
000001.SZ,20200110,16.79,16.81,16.52,16.69,16.79,-0.1,-0.5956,585548.45,975154.818,0.3017,0.64,13.0504,1.208,2.775,1940591.8198,1940575.268,860111.1956,32388477.4725,32388201.2229
000001.SZ,20200113,16.75,17.03,16.61,16.99,16.69,0.3,1.7975,872133.36,1468271.683,0.4494,1.08,13.285,1.2297,2.8249,1940591.8198,1940575.268,860111.1956,32970655.0184,32970373.8033
000001.SZ,20200114,16.99,17.27,16.76,16.76,16.99,-0.23,-1.3537,1304493.66,2217608.852,0.6722,1.6,13.1051,1.1912,2.7866,1940591.8198,1940575.268,860111.1956,32524318.8998,32524041.4917
000001.SZ,20200115,16.79,16.86,16.45,16.52,16.76,-0.24,-1.432,859439.12,1424889.228,0.4429,0.93,12.9175,1.1742,2.7467,1940591.8198,1940575.268,860111.1956,32058576.8631,32058303.4274
000001.SZ,20200116,16.52,16.57,16.2,16.33,16.52,-0.19,-1.1501,1028104.67,1678888.507,0.5298,1.1,12.7689,1.1607,2.7151,1940591.8198,1940575.268,860111.1956,31689864.4173,31689594.1264
000001.SZ,20200117,16.38,16.55,16.35,16.39,16.33,0.06,0.3674,605436.69,995909.007,0.312,0.65,12.8158,1.1649,2.7251,1940591.8198,1940575.268,860111.1956,31806299.9265,31806028.6425
000001.SZ,20200120,16.43,16.61,16.35,16.45,16.39,0.06,0.3661,746074.75,1226464.649,0.3845,0.8,12.8627,1.1692,2.7351,1940591.8198,1940575.268,860111.1956,31922735.4357,31922463.1586
000001.SZ,20200121,16.34,16.34,15.93,16.0,16.45,-0.45,-2.7356,896603.1,1442171.431,0.462,0.99,12.5109,1.1372,2.6603,1940591.8198,1940575.268,860111.1956,31049469.1168,31049204.288
000001.SZ,20200122,15.92,16.16,15.71,16.09,16.0,0.09,0.5625,719464.91,1150933.398,0.3707,0.87,12.5812,1.1436,2.6752,1940591.8198,1940575.268,860111.1956,31224122.3806,31223856.0621
000001.SZ,20200123,15.92,15.92,15.39,15.54,16.09,-0.55,-3.4183,1100592.07,1723394.336,0.5671,1.38,12.1512,1.1045,2.5838,1940591.8198,1940575.268,860111.1956,30156796.8797,30156539.6647
000001.SZ,20200203,13.99,14.7,13.99,13.99,15.54,-1.55,-9.9743,2259194.83,3201454.164,1.1642,2.78,10.9392,0.9943,2.3261,1940591.8198,1940575.268,860111.1956,27148879.559,27148647.9993
000001.SZ,20200204,14.05,14.66,14.02,14.6,13.99,0.61,4.3603,1706172.07,2442932.842,0.8792,1.49,11.4162,1.0377,2.4275,1940591.8198,1940575.268,860111.1956,28332640.5691,28332398.9128
000001.SZ,20200205,14.59,14.89,14.32,14.63,14.6,0.03,0.2055,1491380.21,2177632.043,0.7685,1.12,11.4396,1.0398,2.4325,1940591.8198,1940575.268,860111.1956,28390858.3237,28390616.1708
000001.SZ,20200206,14.81,14.87,14.51,14.77,14.63,0.14,0.9569,1185815.72,1740107.625,0.6111,0.81,11.5491,1.0498,2.4558,1940591.8198,1940575.268,860111.1956,28662541.1784,28662296.7084
000001.SZ,20200207,14.6,14.69,14.41,14.62,14.77,-0.15,-1.0156,924852.96,1345053.255,0.4766,0.6,11.4318,1.0391,2.4308,1940591.8198,1940575.268,860111.1956,28371452.4055,28371210.4182
000001.SZ,20200210,14.51,14.53,14.3,14.5,14.62,-0.12,-0.8208,1339495.24,1931983.482,0.6903,0.89,11.338,1.0306,2.4109,1940591.8198,1940575.268,860111.1956,28138581.3871,28138341.386
000001.SZ,20200211,14.6,14.94,14.56,14.79,14.5,0.29,2.0,1407507.44,2077194.138,0.7253,1.06,11.5647,1.0512,2.4591,1940591.8198,1940575.268,860111.1956,28701353.0148,28701108.2137
000001.SZ,20200212,14.79,14.82,14.6,14.77,14.79,-0.02,-0.1352,1070503.21,1573229.042,0.5516,0.84,11.5491,1.0498,2.4558,1940591.8198,1940575.268,860111.1956,28662541.1784,28662296.7084
000001.SZ,20200213,14.71,14.88,14.61,14.65,14.77,-0.12,-0.8125,1013205.28,1491327.713,0.5221,0.85,11.4553,1.0412,2.4358,1940591.8198,1940575.268,860111.1956,28429670.1601,28429427.6762
000001.SZ,20200214,14.75,15.14,14.7,15.03,14.65,0.38,2.5939,1512434.73,2253906.452,0.7794,1.31,10.3448,1.0683,2.1142,1940591.8198,1940575.268,860111.1956,29167095.0516,29166846.278
000001.SZ,20200217,15.04,15.37,14.93,15.37,15.03,0.34,2.2621,1543696.01,2337993.586,0.7955,1.22,10.5788,1.0924,2.162,1940591.8198,1940575.268,860111.1956,29826896.2703,29826641.8692
000001.SZ,20200218,15.33,15.33,15.01,15.2,15.37,-0.17,-1.1061,973612.35,1478274.222,0.5017,0.74,10.4618,1.0803,2.1381,1940591.8198,1940575.268,860111.1956,29496995.661,29496744.0736
000001.SZ,20200219,15.1,15.37,15.08,15.24,15.2,0.04,0.2632,874106.93,1333730.218,0.4504,0.71,10.4893,1.0832,2.1437,1940591.8198,1940575.268,860111.1956,29574619.3338,29574367.0843
000001.SZ,20200220,15.27,15.62,15.1,15.59,15.24,0.35,2.2966,1235444.34,1897923.029,0.6366,1.04,10.7302,1.1081,2.193,1940591.8198,1940575.268,860111.1956,30253826.4707,30253568.4281
000001.SZ,20200221,15.49,15.72,15.45,15.58,15.59,-0.01,-0.0641,995071.02,1546692.93,0.5128,0.81,10.7233,1.1073,2.1916,1940591.8198,1940575.268,860111.1956,30234420.5525,30234162.6754
000001.SZ,20200224,15.46,15.46,15.15,15.23,15.58,-0.35,-2.2465,1191794.5,1820183.854,0.6141,1.06,10.4824,1.0825,2.1423,1940591.8198,1940575.268,860111.1956,29555213.4156,29554961.3316
000001.SZ,20200225,15.0,15.13,14.78,15.04,15.23,-0.19,-1.2475,1144575.02,1710369.786,0.5898,1.09,10.3517,1.069,2.1156,1940591.8198,1940575.268,860111.1956,29186500.9698,29186252.0307
000001.SZ,20200226,14.77,15.27,14.7,14.99,15.04,-0.05,-0.3324,1176599.15,1769612.245,0.6063,1.08,10.3172,1.0654,2.1086,1940591.8198,1940575.268,860111.1956,29089471.3788,29089223.2673
000001.SZ,20200227,14.96,15.15,14.89,15.11,14.99,0.12,0.8005,975270.9,1464605.739,0.5026,0.85,10.3998,1.0739,2.1255,1940591.8198,1940575.268,860111.1956,29322342.3972,29322092.2995
000001.SZ,20200228,14.85,15.04,14.46,14.5,15.11,-0.61,-4.0371,1300644.45,1906892.413,0.6702,1.19,9.98,1.0306,2.0396,1940591.8198,1940575.268,860111.1956,28138581.3871,28138341.386
000001.SZ,20200302,14.55,14.95,14.46,14.79,14.5,0.29,2.0,1116580.66,1647432.269,0.5754,0.96,10.1796,1.0512,2.0804,1940591.8198,1940575.268,860111.1956,28701353.0148,28701108.2137
000001.SZ,20200303,14.96,14.99,14.63,14.72,14.79,-0.07,-0.4733,1153584.32,1705816.271,0.5945,1.01,10.1314,1.0462,2.0706,1940591.8198,1940575.268,860111.1956,28565511.5875,28565267.945
000001.SZ,20200304,14.68,14.78,14.51,14.69,14.72,-0.03,-0.2038,862595.23,1261123.063,0.4445,0.75,10.1108,1.0441,2.0664,1940591.8198,1940575.268,860111.1956,28507293.8329,28507050.6869
000001.SZ,20200305,14.8,15.64,14.73,15.39,14.69,0.7,4.7651,2686602.34,4089493.523,1.3844,2.48,10.5926,1.0938,2.1648,1940591.8198,1940575.268,860111.1956,29865708.1067,29865453.3745
000001.SZ,20200306,15.18,15.27,15.02,15.03,15.39,-0.36,-2.3392,1228531.03,1858691.259,0.6331,0.86,10.3448,1.0683,2.1142,1940591.8198,1940575.268,860111.1956,29167095.0516,29166846.278
000001.SZ,20200309,14.71,14.73,14.42,14.45,15.03,-0.58,-3.8589,1665793.54,2420392.13,0.8584,1.18,9.9456,1.027,2.0326,1940591.8198,1940575.268,860111.1956,28041551.7961,28041312.6226
000001.SZ,20200310,14.38,14.85,14.38,14.76,14.45,0.31,2.1453,1167864.97,1709084.565,0.6018,0.77,10.1589,1.0491,2.0762,1940591.8198,1940575.268,860111.1956,28643135.2602,28642890.9557
000001.SZ,20200311,14.77,14.88,14.62,14.69,14.76,-0.07,-0.4743,814381.64,1201250.682,0.4197,0.53,10.1108,1.0441,2.0664,1940591.8198,1940575.268,860111.1956,28507293.8329,28507050.6869
000001.SZ,20200312,14.65,14.84,14.53,14.68,14.69,-0.01,-0.0681,986497.11,1447436.641,0.5084,0.65,10.1039,1.0434,2.065,1940591.8198,1940575.268,860111.1956,28487887.9147,28487644.9342
000001.SZ,20200313,13.9,14.58,13.9,14.52,14.68,-0.16,-1.0899,1169765.8,1669009.835,0.6028,1.0,9.9938,1.032,2.0425,1940591.8198,1940575.268,860111.1956,28177393.2235,28177152.8914
000001.SZ,20200316,14.45,14.46,13.75,13.75,14.52,-0.77,-5.303,1406202.18,1975824.191,0.7246,1.21,9.4638,0.9773,1.9341,1940591.8198,1940575.268,860111.1956,26683137.5223,26682909.935
000001.SZ,20200317,13.75,13.97,13.13,13.41,13.75,-0.34,-2.4727,1177849.06,1582506.075,0.607,1.06,9.2298,0.9531,1.8863,1940591.8198,1940575.268,860111.1956,26023336.3035,26023114.3439
000001.SZ,20200318,13.41,13.55,12.65,12.71,13.41,-0.7,-5.22,1384784.37,1816836.893,0.7136,1.25,8.748,0.9034,1.7879,1940591.8198,1940575.268,860111.1956,24664922.0297,24664711.6563
000001.SZ,20200319,12.68,12.74,11.91,12.23,12.71,-0.48,-3.7766,1891457.13,2313863.663,0.9747,1.54,8.4176,0.8692,1.7203,1940591.8198,1940575.268,860111.1956,23733437.9562,23733235.5276
000001.SZ,20200320,12.4,12.68,12.26,12.52,12.23,0.29,2.3712,1578352.96,1967487.818,0.8133,1.12,8.6172,0.8899,1.7611,1940591.8198,1940575.268,860111.1956,24296209.5839,24296002.3554
000001.SZ,20200323,12.0,12.35,11.93,12.15,12.52,-0.37,-2.9553,1071113.64,1300469.494,0.552,0.72,8.3625,0.8636,1.7091,1940591.8198,1940575.268,860111.1956,23578190.6106,23577989.5062
000001.SZ,20200324,12.4,12.68,12.27,12.61,12.15,0.46,3.786,1180200.26,1472909.399,0.6082,0.83,8.6791,0.8963,1.7738,1940591.8198,1940575.268,860111.1956,24470862.8477,24470654.1295
000001.SZ,20200325,12.88,13.07,12.7,12.87,12.61,0.26,2.0619,1136957.74,1467534.956,0.5859,0.8,8.8581,0.9147,1.8104,1940591.8198,1940575.268,860111.1956,24975416.7208,24975203.6992
000001.SZ,20200326,12.78,13.34,12.72,13.06,12.87,0.19,1.4763,1075192.43,1408651.057,0.5541,0.78,8.9889,0.9282,1.8371,1940591.8198,1940575.268,860111.1956,25344129.1666,25343913.0001
000001.SZ,20200327,13.25,13.38,13.08,13.15,13.06,0.09,0.6891,653018.88,861618.663,0.3365,0.54,9.0508,0.9346,1.8498,1940591.8198,1940575.268,860111.1956,25518782.4304,25518564.7742
000001.SZ,20200330,12.85,13.04,12.76,12.94,13.15,-0.21,-1.597,661738.79,852956.24,0.341,0.65,8.9063,0.9197,1.8202,1940591.8198,1940575.268,860111.1956,25111258.1482,25111043.9679
000001.SZ,20200331,13.05,13.09,12.78,12.8,12.94,-0.14,-1.0819,513370.3,662915.471,0.2645,0.55,8.8099,0.9098,1.8005,1940591.8198,1940575.268,860111.1956,24839575.2934,24839363.4304
000001.SZ,20200401,12.86,13.13,12.82,12.89,12.8,0.09,0.7031,520836.04,676070.117,0.2684,0.64,8.8719,0.9162,1.8132,1940591.8198,1940575.268,860111.1956,25014228.5572,25014015.2045
000001.SZ,20200402,12.75,12.97,12.66,12.97,12.89,0.08,0.6206,518365.04,663197.628,0.2671,0.76,8.9269,0.9218,1.8244,1940591.8198,1940575.268,860111.1956,25169475.9028,25169261.226
000001.SZ,20200403,12.82,12.89,12.55,12.61,12.97,-0.36,-2.7756,825348.14,1047282.4,0.4253,1.44,8.6791,0.8963,1.7738,1940591.8198,1940575.268,860111.1956,24470862.8477,24470654.1295
000001.SZ,20200407,12.89,12.94,12.81,12.88,12.61,0.27,2.1412,870313.71,1121200.115,0.4485,1.43,8.865,0.9154,1.8118,1940591.8198,1940575.268,860111.1956,24994822.639,24994609.4518
000001.SZ,20200408,12.88,12.92,12.72,12.78,12.88,-0.1,-0.7764,528716.14,676604.872,0.2725,0.81,8.7962,0.9083,1.7977,1940591.8198,1940575.268,860111.1956,24800763.457,24800551.925
000001.SZ,20200409,12.88,12.89,12.72,12.74,12.78,-0.04,-0.313,408553.77,522027.888,0.2105,0.63,8.7686,0.9055,1.7921,1940591.8198,1940575.268,860111.1956,24723139.7843,24722928.9143
000001.SZ,20200410,12.76,12.98,12.65,12.79,12.74,0.05,0.3925,666674.95,853689.95,0.3435,1.06,8.803,0.909,1.7991,1940591.8198,1940575.268,860111.1956,24820169.3752,24819957.6777
000001.SZ,20200413,12.67,12.71,12.47,12.59,12.79,-0.2,-1.5637,446214.4,562008.05,0.2299,0.68,8.6654,0.8948,1.771,1940591.8198,1940575.268,860111.1956,24432051.0113,24431842.6241
000001.SZ,20200414,12.65,12.86,12.57,12.86,12.59,0.27,2.1446,686086.87,874856.562,0.3535,1.17,8.8512,0.914,1.809,1940591.8198,1940575.268,860111.1956,24956010.8026,24955797.9465
000001.SZ,20200415,12.86,12.93,12.78,12.87,12.86,0.01,0.0778,656396.4,843649.273,0.3382,1.2,8.8581,0.9147,1.8104,1940591.8198,1940575.268,860111.1956,24975416.7208,24975203.6992
000001.SZ,20200416,12.79,12.79,12.54,12.68,12.87,-0.19,-1.4763,789154.98,997623.816,0.4067,1.38,8.7273,0.9012,1.7836,1940591.8198,1940575.268,860111.1956,24606704.2751,24606494.3982
000001.SZ,20200417,12.77,13.04,12.65,12.89,12.68,0.21,1.6562,1331164.77,1713215.766,0.686,2.05,8.8719,0.9162,1.8132,1940591.8198,1940575.268,860111.1956,25014228.5572,25014015.2045
000001.SZ,20200420,12.86,13.05,12.77,12.99,12.89,0.1,0.7758,818455.83,1058524.019,0.4218,1.05,8.9407,0.9233,1.8272,1940591.8198,1940575.268,860111.1956,25208287.7392,25208072.7313
000001.SZ,20200421,13.3,13.7,13.3,13.45,12.99,0.46,3.5412,2122448.34,2861879.086,1.0937,2.48,9.2573,0.9242,1.8919,1940591.8198,1940575.268,860111.1956,26100959.9763,26100737.3546
000001.SZ,20200422,13.37,13.42,13.16,13.23,13.45,-0.22,-1.6357,1032802.74,1368222.854,0.5322,0.9,9.1059,0.9091,1.861,1940591.8198,1940575.268,860111.1956,25674029.776,25673810.7956
000001.SZ,20200423,13.23,13.31,13.11,13.23,13.23,0.0,0.0,646989.63,855052.11,0.3334,0.53,9.1059,0.9091,1.861,1940591.8198,1940575.268,860111.1956,25674029.776,25673810.7956
000001.SZ,20200424,13.17,13.28,13.11,13.24,13.23,0.01,0.0756,566001.61,747473.77,0.2917,0.48,9.1128,0.9098,1.8624,1940591.8198,1940575.268,860111.1956,25693435.6942,25693216.5483
000001.SZ,20200427,13.3,13.64,13.25,13.5,13.24,0.26,1.9637,936829.9,1263809.737,0.4828,0.9,9.2917,0.9277,1.899,1940591.8198,1940575.268,860111.1956,26197989.5673,26197766.118
000001.SZ,20200428,13.45,13.56,13.27,13.52,13.5,0.02,0.1481,771564.17,1038718.08,0.3976,0.73,9.3055,0.929,1.9018,1940591.8198,1940575.268,860111.1956,26236801.4037,26236577.6234
000001.SZ,20200429,13.48,14.1,13.45,14.02,13.52,0.5,3.6982,1108722.39,1541638.203,0.5713,1.4,9.6496,0.9634,1.9721,1940591.8198,1940575.268,860111.1956,27207097.3136,27206865.2574
000001.SZ,20200430,14.02,14.32,13.88,13.93,14.02,-0.09,-0.6419,819540.43,1155968.238,0.4223,1.02,9.5877,0.9572,1.9595,1940591.8198,1940575.268,860111.1956,27032444.0498,27032213.4832
000001.SZ,20200506,13.76,13.89,13.61,13.77,13.93,-0.16,-1.1486,1008998.02,1382727.481,0.5199,1.2,9.4775,0.9462,1.937,1940591.8198,1940575.268,860111.1956,26721949.3586,26721721.4404
000001.SZ,20200507,13.76,13.76,13.6,13.69,13.77,-0.08,-0.581,662749.23,904349.531,0.3415,0.71,9.4225,0.9407,1.9257,1940591.8198,1940575.268,860111.1956,26566702.0131,26566475.4189
000001.SZ,20200508,13.76,14.02,13.68,13.95,13.69,0.26,1.8992,934781.7,1297924.588,0.4817,1.07,9.6014,0.9586,1.9623,1940591.8198,1940575.268,860111.1956,27071255.8862,27071024.9886
000001.SZ,20200511,13.92,14.13,13.9,14.0,13.95,0.05,0.3584,612862.29,859156.594,0.3158,0.68,9.6359,0.962,1.9693,1940591.8198,1940575.268,860111.1956,27168285.4772,27168053.752
000001.SZ,20200512,13.95,14.05,13.72,13.79,14.0,-0.21,-1.5,558511.14,772109.502,0.2878,0.69,9.4913,0.9476,1.9398,1940591.8198,1940575.268,860111.1956,26760761.195,26760532.9457
000001.SZ,20200513,13.75,13.78,13.53,13.63,13.79,-0.16,-1.1603,640358.79,871062.043,0.33,0.85,9.3812,0.9366,1.9173,1940591.8198,1940575.268,860111.1956,26450266.5039,26450040.9028
000001.SZ,20200514,13.55,13.59,13.22,13.3,13.63,-0.33,-2.4211,944672.09,1259440.848,0.4868,1.39,9.1541,0.9139,1.8708,1940591.8198,1940575.268,860111.1956,25809871.2033,25809651.0644
000001.SZ,20200515,13.39,13.43,13.14,13.23,13.3,-0.07,-0.5263,756794.47,1004313.267,0.39,1.03,9.1059,0.9091,1.861,1940591.8198,1940575.268,860111.1956,25674029.776,25673810.7956
000001.SZ,20200518,13.2,13.34,13.12,13.2,13.23,-0.03,-0.2268,637208.57,843479.669,0.3284,0.91,9.0852,0.907,1.8568,1940591.8198,1940575.268,860111.1956,25615812.0214,25615593.5376
000001.SZ,20200519,13.41,13.45,13.27,13.36,13.2,0.16,1.2121,600368.64,801755.671,0.3094,0.85,9.1954,0.918,1.8793,1940591.8198,1940575.268,860111.1956,25926306.7125,25926085.5805
000001.SZ,20200520,13.38,13.62,13.27,13.51,13.36,0.15,1.1228,690851.07,929928.885,0.356,0.97,9.2986,0.9283,1.9004,1940591.8198,1940575.268,860111.1956,26217395.4855,26217171.8707
000001.SZ,20200521,13.52,13.57,13.36,13.4,13.51,-0.11,-0.8142,552312.0,742797.057,0.2846,0.76,9.2229,0.9208,1.8849,1940591.8198,1940575.268,860111.1956,26003930.3853,26003708.5912
000001.SZ,20200522,13.33,13.34,12.92,12.92,13.4,-0.48,-3.5821,856237.33,1119433.491,0.4412,1.32,8.8925,0.8878,1.8174,1940591.8198,1940575.268,860111.1956,25072446.3118,25072232.4626
000001.SZ,20200525,12.97,12.98,12.76,12.96,12.92,0.04,0.3096,410170.78,528769.352,0.2114,0.61,8.92,0.8905,1.823,1940591.8198,1940575.268,860111.1956,25150069.9846,25149855.4733
000001.SZ,20200526,13.02,13.07,12.94,13.04,12.96,0.08,0.6173,396212.4,515451.849,0.2042,0.64,8.9751,0.896,1.8343,1940591.8198,1940575.268,860111.1956,25305317.3302,25305101.4947
000001.SZ,20200527,13.05,13.19,12.96,13.0,13.04,-0.04,-0.3067,482962.94,630305.864,0.2489,0.83,8.9476,0.8933,1.8287,1940591.8198,1940575.268,860111.1956,25227693.6574,25227478.484
000001.SZ,20200528,12.87,13.18,12.81,13.07,12.78,0.29,2.2692,960760.31,1255226.999,0.4951,1.78,8.9958,0.7729,1.8385,1940591.8198,1940575.268,860111.1956,25363535.0848,25363318.7528
000001.SZ,20200529,13.01,13.04,12.92,13.0,13.07,-0.07,-0.5356,457808.22,594502.123,0.2359,0.74,8.9476,0.7687,1.8287,1940591.8198,1940575.268,860111.1956,25227693.6574,25227478.484
000001.SZ,20200601,13.1,13.39,13.08,13.32,13.0,0.32,2.4615,882960.55,1173619.006,0.455,1.63,9.1678,0.9292,1.8737,1940591.8198,1940575.268,860111.1956,25848683.0397,25848462.5698
000001.SZ,20200602,13.29,13.63,13.28,13.55,13.32,0.23,1.7267,883458.88,1194375.822,0.4553,1.39,9.3261,0.8013,1.906,1940591.8198,1940575.268,860111.1956,26295019.1583,26294794.8814
000001.SZ,20200603,13.64,13.88,13.5,13.54,13.55,-0.01,-0.0738,956803.08,1308782.294,0.4931,1.3,9.3192,0.9446,1.9046,1940591.8198,1940575.268,860111.1956,26275613.2401,26275389.1287
000001.SZ,20200604,13.53,13.64,13.41,13.57,13.54,0.03,0.2216,583066.33,788707.63,0.3005,0.7,9.3399,0.9466,1.9088,1940591.8198,1940575.268,860111.1956,26333830.9947,26333606.3868
000001.SZ,20200605,13.6,13.62,13.43,13.59,13.57,0.02,0.1474,383026.9,517232.135,0.1974,0.51,9.3537,0.948,1.9116,1940591.8198,1940575.268,860111.1956,26372642.8311,26372417.8921
000001.SZ,20200608,13.68,13.85,13.58,13.62,13.59,0.03,0.2208,585971.9,802115.792,0.302,0.79,9.3743,0.9501,1.9159,1940591.8198,1940575.268,860111.1956,26430860.5857,26430635.1502
000001.SZ,20200609,13.64,13.73,13.53,13.67,13.62,0.05,0.3671,474300.07,646895.834,0.2444,0.7,9.4087,0.9536,1.9229,1940591.8198,1940575.268,860111.1956,26527890.1767,26527663.9136
000001.SZ,20200610,13.71,13.71,13.4,13.49,13.67,-0.18,-1.3168,580476.2,781995.749,0.2991,0.97,9.2848,0.9411,1.8976,1940591.8198,1940575.268,860111.1956,26178583.6491,26178360.3653
000001.SZ,20200611,13.38,13.39,13.0,13.08,13.49,-0.41,-3.0393,1349039.82,1774199.978,0.6952,2.59,9.0026,0.9125,1.8399,1940591.8198,1940575.268,860111.1956,25382941.003,25382724.5054
000001.SZ,20200612,12.9,13.02,12.87,12.99,13.08,-0.09,-0.6881,1030550.57,1331618.728,0.5311,1.53,8.9407,0.9062,1.8272,1940591.8198,1940575.268,860111.1956,25208287.7392,25208072.7313
000001.SZ,20200615,12.85,12.97,12.8,12.82,12.99,-0.17,-1.3087,660313.07,850767.506,0.3403,0.82,8.8237,0.8943,1.8033,1940591.8198,1940575.268,860111.1956,24878387.1298,24878174.9358
000001.SZ,20200616,12.9,12.99,12.86,12.89,12.82,0.07,0.546,718059.1,927043.687,0.37,0.88,8.8719,0.8992,1.8132,1940591.8198,1940575.268,860111.1956,25014228.5572,25014015.2045
000001.SZ,20200617,12.89,12.92,12.76,12.85,12.89,-0.04,-0.3103,716468.24,918251.153,0.3692,0.83,8.8443,0.8964,1.8076,1940591.8198,1940575.268,860111.1956,24936604.8844,24936392.1938
000001.SZ,20200618,12.76,12.8,12.59,12.76,12.85,-0.09,-0.7004,1119647.8,1419972.017,0.577,1.25,8.7824,0.8901,1.7949,1940591.8198,1940575.268,860111.1956,24761951.6206,24761740.4197
000001.SZ,20200619,12.73,12.84,12.61,12.8,12.76,0.04,0.3135,1539521.78,1954584.919,0.7933,1.81,8.8099,0.8929,1.8005,1940591.8198,1940575.268,860111.1956,24839575.2934,24839363.4304
000001.SZ,20200622,12.74,12.76,12.62,12.64,12.8,-0.16,-1.25,1319079.79,1671023.278,0.6797,1.39,8.6998,0.8818,1.778,1940591.8198,1940575.268,860111.1956,24529080.6023,24528871.3875
000001.SZ,20200623,12.65,12.69,12.52,12.6,12.64,-0.04,-0.3165,990806.73,1248046.646,0.5106,0.92,8.6723,0.879,1.7724,1940591.8198,1940575.268,860111.1956,24451456.9295,24451248.3768
000001.SZ,20200624,12.64,12.88,12.6,12.8,12.6,0.2,1.5873,1523220.48,1946329.095,0.7849,1.34,8.8099,0.8929,1.8005,1940591.8198,1940575.268,860111.1956,24839575.2934,24839363.4304
000001.SZ,20200629,12.92,12.97,12.71,12.8,12.8,0.0,0.0,1038480.06,1330678.288,0.5351,0.8,8.8099,0.8929,1.8005,1940591.8198,1940575.268,860111.1956,24839575.2934,24839363.4304
000001.SZ,20200630,12.83,12.88,12.72,12.8,12.8,0.0,0.0,937940.22,1199181.601,0.4833,0.73,8.8099,0.8929,1.8005,1940591.8198,1940575.268,860111.1956,24839575.2934,24839363.4304
000001.SZ,20200701,12.79,13.15,12.74,13.12,12.8,0.32,2.5,1697390.01,2202800.843,0.8747,1.46,9.0302,0.9153,1.8455,1940591.8198,1940575.268,860111.1956,25460564.6758,25460347.5162
000001.SZ,20200702,13.08,13.49,12.97,13.43,13.12,0.31,2.3628,2590501.19,3433511.084,1.3349,2.09,9.2435,0.9369,1.8891,1940591.8198,1940575.268,860111.1956,26062148.1399,26061925.8492
000001.SZ,20200703,13.57,14.32,13.56,14.25,13.43,0.82,6.1057,3768333.63,5280918.011,1.9419,2.42,9.8079,0.9941,2.0045,1940591.8198,1940575.268,860111.1956,27653433.4322,27653197.569
000001.SZ,20200706,14.6,15.68,14.59,15.68,14.25,1.43,10.0351,4711460.78,7168653.356,2.4279,2.35,10.7922,1.0938,2.2056,1940591.8198,1940575.268,860111.1956,30428479.7345,30428220.2022
000001.SZ,20200707,16.3,16.63,15.03,15.48,15.68,-0.2,-1.2755,3964427.47,6267919.683,2.0429,1.45,10.6545,1.0799,2.1775,1940591.8198,1940575.268,860111.1956,30040361.3705,30040105.1486
000001.SZ,20200708,15.23,16.0,15.23,15.76,15.48,0.28,1.8088,2631339.16,4095447.757,1.356,0.79,10.8472,1.0994,2.2169,1940591.8198,1940575.268,860111.1956,30583727.08,30583466.2237
000001.SZ,20200709,15.66,15.66,15.31,15.53,15.76,-0.23,-1.4594,2243994.4,3469517.329,1.1564,0.64,10.6889,1.0834,2.1845,1940591.8198,1940575.268,860111.1956,30137390.9615,30137133.912
000001.SZ,20200710,15.35,15.48,14.76,14.86,15.53,-0.67,-4.3142,2158773.26,3254272.377,1.1124,0.62,10.2278,1.0366,2.0903,1940591.8198,1940575.268,860111.1956,28837194.4422,28836948.4825
000001.SZ,20200713,14.7,15.08,14.5,14.89,14.86,0.03,0.2019,1937160.12,2871414.844,0.9982,0.62,10.2484,1.0387,2.0945,1940591.8198,1940575.268,860111.1956,28895412.1968,28895165.7405
000001.SZ,20200714,14.9,15.19,14.55,14.68,14.89,-0.21,-1.4103,1953566.27,2891773.817,1.0067,0.76,10.1039,1.0241,2.065,1940591.8198,1940575.268,860111.1956,28487887.9147,28487644.9342
000001.SZ,20200715,14.78,14.86,14.23,14.27,14.68,-0.41,-2.7929,2042562.83,2947173.149,1.0526,0.93,9.8217,0.9955,2.0073,1940591.8198,1940575.268,860111.1956,27692245.2685,27692009.0744
000001.SZ,20200716,14.3,14.55,14.12,14.15,14.27,-0.12,-0.8409,1930891.29,2771496.391,0.995,0.93,9.7391,0.9871,1.9904,1940591.8198,1940575.268,860111.1956,27459374.2502,27459140.0422
000001.SZ,20200717,14.17,14.28,13.95,14.14,14.15,-0.01,-0.0707,1291346.77,1821043.927,0.6654,0.64,9.7322,0.9864,1.989,1940591.8198,1940575.268,860111.1956,27439968.332,27439734.2895
000001.SZ,20200720,14.23,14.77,14.1,14.73,14.14,0.59,4.1726,1979632.0,2872758.056,1.0201,1.08,10.1383,1.0276,2.072,1940591.8198,1940575.268,860111.1956,28584917.5057,28584673.6976
000001.SZ,20200721,14.68,14.68,14.4,14.49,14.73,-0.24,-1.6293,1252865.69,1815570.3,0.6456,0.68,9.9731,1.0108,2.0382,1940591.8198,1940575.268,860111.1956,28119175.4689,28118935.6333
000001.SZ,20200722,14.49,14.65,14.27,14.41,14.49,-0.08,-0.5521,1312951.59,1895447.229,0.6766,0.77,9.918,1.0052,2.027,1940591.8198,1940575.268,860111.1956,27963928.1233,27963689.6119
000001.SZ,20200723,14.24,14.29,13.81,14.01,14.41,-0.4,-2.7759,2027525.87,2838535.21,1.0448,1.31,9.6427,0.9773,1.9707,1940591.8198,1940575.268,860111.1956,27187691.3954,27187459.5047
000001.SZ,20200724,13.97,13.99,13.42,13.5,14.01,-0.51,-3.6403,1830881.83,2504647.111,0.9435,1.16,9.2917,0.9418,1.899,1940591.8198,1940575.268,860111.1956,26197989.5673,26197766.118
000001.SZ,20200727,13.67,13.68,13.1,13.24,13.5,-0.26,-1.9259,1880653.35,2497551.472,0.9691,1.12,9.1128,0.9236,1.8624,1940591.8198,1940575.268,860111.1956,25693435.6942,25693216.5483
000001.SZ,20200728,13.34,13.43,13.18,13.34,13.24,0.1,0.7553,1217005.99,1618089.558,0.6271,0.73,9.1816,0.9306,1.8765,1940591.8198,1940575.268,860111.1956,25887494.8761,25887274.0751
000001.SZ,20200729,13.35,13.63,13.21,13.54,13.34,0.2,1.4993,1519580.25,2043847.472,0.7831,0.92,9.3192,0.9446,1.9046,1940591.8198,1940575.268,860111.1956,26275613.2401,26275389.1287
000001.SZ,20200730,13.5,13.51,13.37,13.37,13.54,-0.17,-1.2555,964067.63,1294444.933,0.4968,0.57,9.2022,0.9327,1.8807,1940591.8198,1940575.268,860111.1956,25945712.6307,25945491.3332
000001.SZ,20200731,13.28,13.53,13.25,13.34,13.37,-0.03,-0.2244,1165821.91,1559068.291,0.6008,0.79,9.1816,0.9306,1.8765,1940591.8198,1940575.268,860111.1956,25887494.8761,25887274.0751
000001.SZ,20200803,13.47,13.62,13.43,13.59,13.34,0.25,1.8741,1445096.16,1954607.257,0.7447,1.07,9.3537,0.948,1.9116,1940591.8198,1940575.268,860111.1956,26372642.8311,26372417.8921
000001.SZ,20200804,13.66,14.15,13.48,14.04,13.59,0.45,3.3113,2445663.25,3388510.059,1.2603,1.94,9.6634,0.9794,1.9749,1940591.8198,1940575.268,860111.1956,27245909.15,27245676.7627
000001.SZ,20200805,13.82,13.85,13.62,13.76,14.04,-0.28,-1.9943,1440203.13,1980352.978,0.7422,0.96,9.4707,0.9599,1.9356,1940591.8198,1940575.268,860111.1956,26702543.4404,26702315.6877
000001.SZ,20200806,13.82,13.96,13.65,13.9,13.76,0.14,1.0174,1352510.68,1868047.342,0.697,0.91,9.567,0.9697,1.9552,1940591.8198,1940575.268,860111.1956,26974226.2952,26973996.2252
000001.SZ,20200807,13.8,13.9,13.62,13.7,13.9,-0.2,-1.4388,988678.37,1356305.781,0.5095,0.63,9.4294,0.9557,1.9271,1940591.8198,1940575.268,860111.1956,26586107.9313,26585881.1716
000001.SZ,20200810,13.67,14.02,13.62,13.95,13.7,0.25,1.8248,1587710.35,2208568.316,0.8182,1.03,9.6014,0.9732,1.9623,1940591.8198,1940575.268,860111.1956,27071255.8862,27071024.9886
000001.SZ,20200811,13.97,14.66,13.97,14.13,13.95,0.18,1.2903,2603307.89,3748036.828,1.3415,1.67,9.7253,0.9857,1.9876,1940591.8198,1940575.268,860111.1956,27420562.4138,27420328.5368
000001.SZ,20200812,14.21,14.5,14.15,14.38,14.13,0.25,1.7693,1596811.7,2287731.088,0.8229,1.0,9.8974,1.0032,2.0228,1940591.8198,1940575.268,860111.1956,27905710.3687,27905472.3538
000001.SZ,20200813,14.4,14.46,14.14,14.18,14.38,-0.2,-1.3908,837261.75,1190139.725,0.4315,0.51,9.7597,0.9892,1.9946,1940591.8198,1940575.268,860111.1956,27517592.0048,27517357.3002
000001.SZ,20200814,14.1,14.51,14.06,14.47,14.18,0.29,2.0451,1103215.82,1578543.607,0.5685,0.72,9.9593,1.0094,2.0354,1940591.8198,1940575.268,860111.1956,28080363.6325,28080124.128
000001.SZ,20200817,14.6,15.35,14.55,15.19,14.47,0.72,4.9758,3268027.8,4923669.137,1.6841,2.11,10.4549,1.0597,2.1367,1940591.8198,1940575.268,860111.1956,29477589.7428,29477338.3209
000001.SZ,20200818,15.2,15.3,14.91,15.15,15.19,-0.04,-0.2633,1350261.07,2033477.707,0.6958,0.72,10.4274,1.0569,2.1311,1940591.8198,1940575.268,860111.1956,29399966.07,29399715.3102
000001.SZ,20200819,15.11,15.35,14.96,15.1,15.15,-0.05,-0.33,1420928.11,2154215.097,0.7322,0.87,10.393,1.0534,2.124,1940591.8198,1940575.268,860111.1956,29302936.479,29302686.5468
000001.SZ,20200820,15.01,15.14,14.53,14.59,15.1,-0.51,-3.3775,1333801.62,1962605.013,0.6873,0.84,10.0419,1.0178,2.0523,1940591.8198,1940575.268,860111.1956,28313234.6509,28312993.1601
000001.SZ,20200821,14.71,14.71,14.32,14.45,14.59,-0.14,-0.9596,1234517.33,1787278.581,0.6362,0.73,9.9456,1.008,2.0326,1940591.8198,1940575.268,860111.1956,28041551.7961,28041312.6226
000001.SZ,20200824,14.5,14.71,14.41,14.46,14.45,0.01,0.0692,919448.86,1338031.969,0.4738,0.53,9.9525,1.0087,2.034,1940591.8198,1940575.268,860111.1956,28060957.7143,28060718.3753
000001.SZ,20200825,14.56,14.69,14.46,14.6,14.46,0.14,0.9682,748320.22,1090756.854,0.3856,0.6,10.0488,1.0185,2.0537,1940591.8198,1940575.268,860111.1956,28332640.5691,28332398.9128
000001.SZ,20200826,14.6,14.61,14.28,14.37,14.6,-0.23,-1.5753,734117.72,1057274.169,0.3783,0.65,9.8905,1.0025,2.0214,1940591.8198,1940575.268,860111.1956,27886304.4505,27886066.6012
000001.SZ,20200827,14.4,14.46,14.11,14.46,14.37,0.09,0.6263,626666.77,895618.648,0.3229,0.63,9.9525,1.0087,2.034,1940591.8198,1940575.268,860111.1956,28060957.7143,28060718.3753
000001.SZ,20200828,14.26,15.18,14.26,15.13,14.46,0.67,4.6335,2410400.02,3599035.694,1.2421,2.83,10.4136,1.0432,2.1283,1940591.8198,1940575.268,860111.1956,29361154.2336,29360903.8048
000001.SZ,20200831,15.3,15.68,14.99,15.08,15.13,-0.05,-0.3305,1797129.54,2760350.322,0.9261,1.65,10.3792,1.0398,2.1212,1940591.8198,1940575.268,860111.1956,29264124.6426,29263875.0414
000001.SZ,20200901,14.96,15.23,14.88,15.14,15.08,0.06,0.3979,813642.58,1228342.741,0.4193,0.64,10.4205,1.0439,2.1297,1940591.8198,1940575.268,860111.1956,29380560.1518,29380309.5575
000001.SZ,20200902,15.01,15.53,15.01,15.32,15.14,0.18,1.1889,1679382.97,2575966.637,0.8654,1.32,10.5444,1.0563,2.155,1940591.8198,1940575.268,860111.1956,29729866.6793,29729613.1058
000001.SZ,20200903,15.32,15.33,14.84,14.9,15.32,-0.42,-2.7415,1279841.59,1919266.726,0.6595,0.87,10.2553,1.0273,2.0959,1940591.8198,1940575.268,860111.1956,28914818.115,28914571.4932
000001.SZ,20200904,14.73,15.06,14.6,14.96,14.9,0.06,0.4027,909889.99,1353550.808,0.4689,0.57,10.2966,1.0315,2.1044,1940591.8198,1940575.268,860111.1956,29031253.6242,29031006.0093
000001.SZ,20200907,14.88,15.24,14.83,14.94,14.96,-0.02,-0.1337,1031376.81,1551971.38,0.5315,0.8,10.2828,1.0301,2.1015,1940591.8198,1940575.268,860111.1956,28992441.7878,28992194.5039
000001.SZ,20200908,15.0,15.43,15.0,15.43,14.94,0.49,3.2798,1407601.66,2154220.778,0.7254,1.23,10.6201,1.0639,2.1705,1940591.8198,1940575.268,860111.1956,29943331.7795,29943076.3852
000001.SZ,20200909,15.26,15.56,15.13,15.21,15.43,-0.22,-1.4258,1013572.47,1554005.575,0.5223,0.8,10.4687,1.0487,2.1395,1940591.8198,1940575.268,860111.1956,29516401.5792,29516149.8263
000001.SZ,20200910,15.32,15.48,15.2,15.34,15.21,0.13,0.8547,957092.39,1469402.768,0.4932,0.85,10.5581,1.0577,2.1578,1940591.8198,1940575.268,860111.1956,29768678.5157,29768424.6111
000001.SZ,20200911,15.18,15.3,14.82,15.01,15.34,-0.33,-2.1512,954236.25,1431844.02,0.4917,0.9,10.331,1.0349,2.1114,1940591.8198,1940575.268,860111.1956,29128283.2152,29128034.7727
000001.SZ,20200914,15.01,15.3,14.92,15.3,15.01,0.29,1.932,680251.05,1027508.108,0.3505,0.63,10.5306,1.0549,2.1522,1940591.8198,1940575.268,860111.1956,29691054.8429,29690801.6004
000001.SZ,20200915,15.2,15.48,15.15,15.35,15.3,0.05,0.3268,657132.67,1007999.044,0.3386,0.66,10.565,1.0584,2.1592,1940591.8198,1940575.268,860111.1956,29788084.4339,29787830.3638
000001.SZ,20200916,15.32,15.54,15.21,15.44,15.35,0.09,0.5863,722414.75,1114667.832,0.3723,0.85,10.627,1.0646,2.1719,1940591.8198,1940575.268,860111.1956,29962737.6977,29962482.1379
000001.SZ,20200917,15.54,15.72,15.4,15.57,15.44,0.13,0.842,988215.63,1543414.501,0.5092,1.24,10.7164,1.0735,2.1902,1940591.8198,1940575.268,860111.1956,30215014.6343,30214756.9228
000001.SZ,20200918,15.62,16.09,15.52,16.07,15.57,0.5,3.2113,1373193.3,2186759.087,0.7076,1.7155,11.0606,1.108,2.2605,1940591.8198,1940575.268,860111.1956,31185310.5442,31185044.5568
000001.SZ,20200921,16.0,16.05,15.71,15.86,16.07,-0.21,-1.3068,896161.65,1418370.973,0.4618,1.01,10.916,1.0935,2.231,1940591.8198,1940575.268,860111.1956,30777786.262,30777523.7505
000001.SZ,20200922,15.67,15.84,15.39,15.57,15.86,-0.29,-1.8285,867756.31,1354536.272,0.4472,0.94,10.7164,1.0735,2.1902,1940591.8198,1940575.268,860111.1956,30215014.6343,30214756.9228
000001.SZ,20200923,15.59,15.83,15.51,15.63,15.57,0.06,0.3854,599200.47,939763.265,0.3088,0.62,10.7577,1.0777,2.1986,1940591.8198,1940575.268,860111.1956,30331450.1435,30331191.4388
000001.SZ,20200924,15.59,15.61,15.12,15.12,15.63,-0.51,-3.263,1061011.24,1623376.2,0.5468,1.12,10.4067,1.0425,2.1269,1940591.8198,1940575.268,860111.1956,29341748.3154,29341498.0522
000001.SZ,20200925,15.2,15.31,15.11,15.19,15.12,0.07,0.463,614087.0,933035.044,0.3164,0.64,10.4549,1.0473,2.1367,1940591.8198,1940575.268,860111.1956,29477589.7428,29477338.3209
000001.SZ,20200928,15.19,15.37,14.98,15.31,15.19,0.12,0.79,612711.11,932800.766,0.3157,0.76,10.5375,1.0556,2.1536,1940591.8198,1940575.268,860111.1956,29710460.7611,29710207.3531
000001.SZ,20200929,15.39,15.41,14.76,14.8,15.31,-0.51,-3.3312,1182374.4,1766848.544,0.6093,1.57,10.1865,1.0204,2.0818,1940591.8198,1940575.268,860111.1956,28720758.933,28720513.9664
000001.SZ,20200930,14.8,15.27,14.8,15.17,14.8,0.37,2.5,1217064.82,1838547.595,0.6272,1.5,10.4411,1.046,2.1339,1940591.8198,1940575.268,860111.1956,29438777.9064,29438526.8156
000001.SZ,20201009,15.3,15.55,15.13,15.18,15.17,0.01,0.0659,900425.93,1376995.906,0.464,0.96,10.448,1.0466,2.1353,1940591.8198,1940575.268,860111.1956,29458183.8246,29457932.5682
000001.SZ,20201012,15.22,16.05,15.21,15.9,15.18,0.72,4.7431,1591347.15,2509002.885,0.82,1.76,10.9436,1.0963,2.2366,1940591.8198,1940575.268,860111.1956,30855409.9348,30855146.7612
000001.SZ,20201013,15.9,16.11,15.77,16.06,15.9,0.16,1.0063,908819.48,1453986.337,0.4683,0.83,11.0537,1.1073,2.2591,1940591.8198,1940575.268,860111.1956,31165904.626,31165638.8041
000001.SZ,20201014,16.04,16.12,15.8,16.03,16.06,-0.03,-0.1868,662562.36,1057937.816,0.3414,0.57,11.0331,1.1053,2.2549,1940591.8198,1940575.268,860111.1956,31107686.8714,31107421.546
000001.SZ,20201015,16.2,16.92,16.15,16.56,16.03,0.53,3.3063,1600062.32,2654379.585,0.8245,1.52,11.3978,1.1418,2.3294,1940591.8198,1940575.268,860111.1956,32136200.5359,32135926.4381
000001.SZ,20201016,16.56,17.37,16.54,17.1,16.56,0.54,3.2609,2095614.19,3589229.558,1.0799,1.85,11.7695,1.179,2.4054,1940591.8198,1940575.268,860111.1956,33184120.1186,33183837.0828
000001.SZ,20201019,17.3,18.1,17.3,17.48,17.1,0.38,2.2222,2016105.52,3571336.006,1.0389,1.47,12.031,1.2052,2.4588,1940591.8198,1940575.268,860111.1956,33921545.0101,33921255.6846
000001.SZ,20201020,17.48,17.6,17.25,17.54,17.48,0.06,0.3432,960071.95,1673173.355,0.4947,0.66,12.0723,1.2094,2.4673,1940591.8198,1940575.268,860111.1956,34037980.5193,34037690.2007
000001.SZ,20201021,17.64,18.0,17.33,17.91,17.54,0.37,2.1095,1244560.18,2204040.364,0.6413,0.85,12.327,1.2349,2.5193,1940591.8198,1940575.268,860111.1956,34755999.4926,34755703.0499
000001.SZ,20201022,17.94,18.5,17.3,17.56,17.91,-0.35,-1.9542,1890519.05,3342069.01,0.9742,1.19,12.0861,1.1798,2.4701,1940591.8198,1940575.268,860111.1956,34076792.3557,34076501.7061
000001.SZ,20201023,17.53,18.78,17.53,18.13,17.56,0.57,3.246,1698501.68,3105623.948,0.8753,1.03,12.4784,1.2181,2.5503,1940591.8198,1940575.268,860111.1956,35182929.693,35182629.6088
000001.SZ,20201026,18.2,18.29,17.45,17.7,18.13,-0.43,-2.3718,1175598.65,2085800.598,0.6058,0.75,12.1825,1.1892,2.4898,1940591.8198,1940575.268,860111.1956,34348475.2105,34348182.2436
000001.SZ,20201027,18.0,18.0,17.5,17.76,17.7,0.06,0.339,1034865.04,1839243.224,0.5333,0.74,12.2238,1.1933,2.4982,1940591.8198,1940575.268,860111.1956,34464910.7196,34464616.7597
000001.SZ,20201028,17.76,17.9,17.29,17.63,17.76,-0.13,-0.732,1205823.86,2125604.541,0.6214,0.86,12.1343,1.1845,2.4799,1940591.8198,1940575.268,860111.1956,34212633.7831,34212341.9748
000001.SZ,20201029,17.54,17.93,17.35,17.77,17.63,0.14,0.7941,846603.62,1498040.947,0.4363,0.6,12.2306,1.1939,2.4996,1940591.8198,1940575.268,860111.1956,34484316.6378,34484022.5124
000001.SZ,20201030,17.74,18.36,17.6,17.75,17.77,-0.02,-0.1125,1007803.83,1813064.343,0.5193,0.85,12.2169,1.1926,2.4968,1940591.8198,1940575.268,860111.1956,34445504.8015,34445211.007
000001.SZ,20201102,17.65,18.05,17.33,17.63,17.75,-0.12,-0.6761,968452.77,1702741.437,0.4991,0.92,12.1343,1.1845,2.4799,1940591.8198,1940575.268,860111.1956,34212633.7831,34212341.9748
000001.SZ,20201103,17.71,18.34,17.7,17.96,17.63,0.33,1.8718,957868.63,1727488.481,0.4936,0.95,12.3614,1.2067,2.5264,1940591.8198,1940575.268,860111.1956,34853029.0836,34852731.8133
000001.SZ,20201104,18.35,18.48,17.96,18.32,17.96,0.36,2.0045,1247636.4,2275824.963,0.6429,1.25,12.6092,1.2309,2.577,1940591.8198,1940575.268,860111.1956,35551642.1387,35551338.9098
000001.SZ,20201105,18.37,18.5,17.54,17.7,18.32,-0.62,-3.3843,1429469.44,2558562.453,0.7366,1.42,12.1825,1.1892,2.4898,1940591.8198,1940575.268,860111.1956,34348475.2105,34348182.2436
000001.SZ,20201106,17.71,17.75,17.22,17.64,17.7,-0.06,-0.339,848781.53,1486492.208,0.4374,0.76,12.1412,1.1852,2.4813,1940591.8198,1940575.268,860111.1956,34232039.7013,34231747.7275
000001.SZ,20201109,17.67,18.0,17.54,17.84,17.64,0.2,1.1338,951424.32,1688807.401,0.4903,0.87,12.2788,1.1986,2.5095,1940591.8198,1940575.268,860111.1956,34620158.0652,34619862.7811
000001.SZ,20201110,18.0,18.5,17.93,18.11,17.84,0.27,1.5135,1021062.81,1854142.808,0.5262,0.94,12.4647,1.2168,2.5475,1940591.8198,1940575.268,860111.1956,35144117.8566,35143818.1035
000001.SZ,20201111,18.2,18.3,17.6,17.81,18.11,-0.3,-1.6565,940130.07,1677811.478,0.4845,0.85,12.2582,1.1966,2.5053,1940591.8198,1940575.268,860111.1956,34561940.3106,34561645.5231
000001.SZ,20201112,17.81,17.94,17.45,17.66,17.81,-0.15,-0.8422,677258.48,1197284.181,0.349,0.65,12.1549,1.1866,2.4842,1940591.8198,1940575.268,860111.1956,34270851.5377,34270559.2329
000001.SZ,20201113,17.42,17.47,16.69,17.18,17.66,-0.48,-2.718,1289189.23,2191492.021,0.6643,1.45,11.8246,1.1543,2.4166,1940591.8198,1940575.268,860111.1956,33339367.4642,33339083.1042
000001.SZ,20201116,17.08,17.43,16.9,17.37,17.18,0.19,1.1059,759856.93,1308190.459,0.3916,0.78,11.9553,1.1671,2.4434,1940591.8198,1940575.268,860111.1956,33708079.9099,33707792.4052
000001.SZ,20201117,17.38,17.93,17.25,17.83,17.37,0.46,2.6482,852930.51,1509511.577,0.4395,0.91,12.2719,1.198,2.5081,1940591.8198,1940575.268,860111.1956,34600752.147,34600457.0284
000001.SZ,20201118,17.78,18.5,17.75,18.46,17.83,0.63,3.5334,1373400.72,2508632.642,0.7077,1.52,12.7056,1.2403,2.5967,1940591.8198,1940575.268,860111.1956,35823324.9935,35823019.4473
000001.SZ,20201119,18.59,18.98,18.3,18.85,18.46,0.39,2.1127,1211740.62,2270476.474,0.6244,1.22,12.974,1.2665,2.6515,1940591.8198,1940575.268,860111.1956,36580155.8032,36579843.8018
000001.SZ,20201120,18.83,18.99,18.52,18.86,18.85,0.01,0.0531,673919.22,1265262.915,0.3473,0.61,12.9809,1.2672,2.6529,1940591.8198,1940575.268,860111.1956,36599561.7214,36599249.5545
000001.SZ,20201123,18.85,19.62,18.8,19.62,18.86,0.76,4.0297,1165858.26,2252290.578,0.6008,1.2,13.504,1.3182,2.7599,1940591.8198,1940575.268,860111.1956,38074411.5045,38074086.7582
000001.SZ,20201124,19.62,19.68,19.17,19.36,19.62,-0.26,-1.3252,678543.23,1313496.136,0.3497,0.64,13.325,1.3008,2.7233,1940591.8198,1940575.268,860111.1956,37569857.6313,37569537.1885
000001.SZ,20201125,19.48,19.7,19.05,19.06,19.36,-0.3,-1.5496,552585.01,1068352.014,0.2848,0.54,13.1185,1.2806,2.6811,1940591.8198,1940575.268,860111.1956,36987680.0854,36987364.6081
000001.SZ,20201126,19.05,19.61,19.03,19.5,19.06,0.44,2.3085,639657.89,1240074.378,0.3296,0.75,13.4214,1.3102,2.743,1940591.8198,1940575.268,860111.1956,37841540.4861,37841217.726
000001.SZ,20201127,20.0,20.0,19.38,19.7,19.5,0.2,1.0256,753773.74,1479430.635,0.3884,1.02,13.559,1.3236,2.7711,1940591.8198,1940575.268,860111.1956,38229658.8501,38229332.7796
000001.SZ,20201130,19.9,20.88,19.59,19.74,19.7,0.04,0.203,1581441.28,3213680.47,0.8149,2.09,13.5866,1.3263,2.7767,1940591.8198,1940575.268,860111.1956,38307282.5229,38306955.7903
000001.SZ,20201201,19.7,20.51,19.4,20.05,19.74,0.31,1.5704,1263719.75,2516010.782,0.6512,1.5,13.7999,1.3471,2.8203,1940591.8198,1940575.268,860111.1956,38908865.987,38908534.1234
000001.SZ,20201202,19.93,20.06,19.52,19.63,20.05,-0.42,-2.0948,889385.29,1758639.187,0.4583,0.93,13.5108,1.3189,2.7613,1940591.8198,1940575.268,860111.1956,38093817.4227,38093492.5108
000001.SZ,20201203,19.78,19.86,19.17,19.54,19.63,-0.09,-0.4585,714452.3,1393085.02,0.3682,0.7,13.4489,1.3129,2.7486,1940591.8198,1940575.268,860111.1956,37919164.1589,37918840.7367
000001.SZ,20201204,19.47,19.47,18.97,19.3,19.54,-0.24,-1.2282,891347.84,1707639.065,0.4593,0.86,13.2837,1.2967,2.7148,1940591.8198,1940575.268,860111.1956,37453422.1221,37453102.6724
000001.SZ,20201207,19.31,19.39,18.68,18.91,19.3,-0.39,-2.0207,873806.61,1655173.465,0.4503,0.82,13.0153,1.2705,2.66,1940591.8198,1940575.268,860111.1956,36696591.3124,36696278.3179
000001.SZ,20201208,18.92,19.03,18.53,18.71,18.91,-0.2,-1.0576,719647.51,1345951.734,0.3708,0.78,12.8776,1.2571,2.6318,1940591.8198,1940575.268,860111.1956,36308472.9485,36308163.2643
000001.SZ,20201209,18.79,19.05,18.68,18.71,18.71,0.0,0.0,677221.15,1277484.44,0.349,0.83,12.8776,1.2571,2.6318,1940591.8198,1940575.268,860111.1956,36308472.9485,36308163.2643
000001.SZ,20201210,18.73,18.88,18.45,18.65,18.71,-0.06,-0.3207,607866.55,1130916.254,0.3132,0.78,12.8363,1.2531,2.6234,1940591.8198,1940575.268,860111.1956,36192037.4393,36191728.7482
000001.SZ,20201211,18.71,18.8,18.22,18.52,18.65,-0.13,-0.6971,887793.87,1642392.314,0.4575,1.18,12.7469,1.2443,2.6051,1940591.8198,1940575.268,860111.1956,35939760.5027,35939453.9634
000001.SZ,20201214,18.6,19.06,18.5,18.88,18.52,0.36,1.9438,835991.74,1575396.008,0.4308,1.11,12.9946,1.2685,2.6558,1940591.8198,1940575.268,860111.1956,36638373.5578,36638061.0598
000001.SZ,20201215,18.8,18.85,18.15,18.74,18.88,-0.14,-0.7415,788857.94,1458268.62,0.4065,1.06,12.8983,1.2591,2.6361,1940591.8198,1940575.268,860111.1956,36366690.7031,36366380.5223
000001.SZ,20201216,18.8,19.1,18.58,19.01,18.74,0.27,1.4408,689070.42,1302133.815,0.3551,0.91,13.0841,1.2773,2.674,1940591.8198,1940575.268,860111.1956,36890650.4944,36890335.8447
000001.SZ,20201217,18.91,19.07,18.6,18.95,19.01,-0.06,-0.3156,686140.69,1294658.299,0.3536,0.9,13.0428,1.2732,2.6656,1940591.8198,1940575.268,860111.1956,36774214.9852,36773901.3286
000001.SZ,20201218,19.0,19.1,18.23,18.36,18.95,-0.59,-3.1135,1058756.36,1959764.074,0.5456,1.36,12.6367,1.2336,2.5826,1940591.8198,1940575.268,860111.1956,35629265.8115,35628961.9205
000001.SZ,20201221,18.3,18.64,18.03,18.28,18.36,-0.08,-0.4357,906878.11,1662649.81,0.4673,1.12,12.5817,1.2282,2.5714,1940591.8198,1940575.268,860111.1956,35474018.4659,35473715.899
000001.SZ,20201222,18.36,18.65,17.88,17.9,18.28,-0.38,-2.0788,1028737.51,1873638.734,0.5301,1.25,12.3201,1.2027,2.5179,1940591.8198,1940575.268,860111.1956,34736593.5744,34736297.2972
000001.SZ,20201223,17.96,18.07,17.79,18.0,17.9,0.1,0.5587,750082.73,1345650.736,0.3865,0.86,12.389,1.2094,2.532,1940591.8198,1940575.268,860111.1956,34930652.7564,34930354.824
000001.SZ,20201224,18.15,18.49,18.05,18.26,18.0,0.26,1.4444,632950.12,1155767.283,0.3262,0.71,12.5679,1.2269,2.5686,1940591.8198,1940575.268,860111.1956,35435206.6295,35434904.3937
000001.SZ,20201225,18.26,18.26,17.8,18.04,18.26,-0.22,-1.2048,577077.33,1038128.197,0.2974,0.66,12.4165,1.2121,2.5376,1940591.8198,1940575.268,860111.1956,35008276.4292,35007977.8347
000001.SZ,20201228,18.02,18.86,17.96,18.85,18.04,0.81,4.49,1270337.06,2352947.321,0.6546,1.63,12.974,1.2665,2.6515,1940591.8198,1940575.268,860111.1956,36580155.8032,36579843.8018
000001.SZ,20201229,18.87,19.3,18.7,19.17,18.85,0.32,1.6976,963092.23,1837947.238,0.4963,1.13,13.1942,1.288,2.6966,1940591.8198,1940575.268,860111.1956,37201145.1856,37200827.8876
000001.SZ,20201230,19.0,19.2,18.72,19.2,19.17,0.03,0.1565,978497.78,1854082.812,0.5042,1.17,13.2149,1.29,2.7008,1940591.8198,1940575.268,860111.1956,37259362.9402,37259045.1456
000001.SZ,20201231,19.21,19.58,19.02,19.34,19.2,0.14,0.7292,924503.43,1781736.285,0.4764,1.05,13.3112,1.2994,2.7205,1940591.8198,1940575.268,860111.1956,37531045.7949,37530725.6831
000001.SZ,20210104,19.1,19.1,18.44,18.6,19.34,-0.74,-3.8263,1554216.43,2891682.312,0.8009,1.65,12.8019,1.2497,2.6164,1940591.8198,1940575.268,860111.1956,36095007.8483,36094699.9848
000001.SZ,20210105,18.4,18.48,17.8,18.17,18.6,-0.43,-2.3118,1821352.1,3284606.913,0.9386,1.6,12.506,1.2208,2.5559,1940591.8198,1940575.268,860111.1956,35260553.3658,35260252.6196
000001.SZ,20210106,18.08,19.56,18.0,19.56,18.17,1.39,7.65,1934945.12,3648521.909,0.9971,1.55,13.4627,1.3142,2.7514,1940591.8198,1940575.268,860111.1956,37957975.9953,37957652.2421
000001.SZ,20210107,19.52,19.98,19.23,19.9,19.56,0.34,1.7382,1584185.3,3111274.625,0.8163,1.1,13.6967,1.3371,2.7992,1940591.8198,1940575.268,860111.1956,38617777.214,38617447.8332
000001.SZ,20210108,19.9,20.1,19.31,19.85,19.9,-0.05,-0.2513,1195473.22,2348316.363,0.616,0.76,13.6623,1.3337,2.7922,1940591.8198,1940575.268,860111.1956,38520747.623,38520419.0698
000001.SZ,20210111,20.0,20.64,20.0,20.38,19.85,0.53,2.67,1790457.14,3652546.646,0.9226,1.11,14.027,1.3693,2.8668,1940591.8198,1940575.268,860111.1956,39549261.2875,39548923.9618
000001.SZ,20210112,20.39,21.0,20.18,21.0,20.38,0.62,3.0422,1288165.5,2657687.44,0.6638,0.77,14.4538,1.411,2.954,1940591.8198,1940575.268,860111.1956,40752428.2158,40752080.628
000001.SZ,20210113,21.0,21.01,20.4,20.7,21.0,-0.3,-1.4286,1049119.73,2161849.708,0.5406,0.67,14.2473,1.3908,2.9118,1940591.8198,1940575.268,860111.1956,40170250.6699,40169908.0476
000001.SZ,20210114,20.68,20.89,19.95,20.17,20.7,-0.53,-2.5604,1130155.62,2306404.546,0.5824,0.82,13.8825,1.3552,2.8372,1940591.8198,1940575.268,860111.1956,39141737.0054,39141403.1556
000001.SZ,20210115,21.0,21.95,20.82,21.0,20.17,0.83,4.115,2480688.98,5311218.074,1.2783,1.92,14.4538,1.411,2.954,1940591.8198,1940575.268,860111.1956,40752428.2158,40752080.628
000001.SZ,20210118,21.2,22.78,21.2,22.7,21.0,1.7,8.0952,2157301.78,4792909.447,1.1117,1.39,15.6238,1.5252,3.1931,1940591.8198,1940575.268,860111.1956,44051434.3095,44051058.5836
000001.SZ,20210119,22.51,22.84,22.05,22.34,22.7,-0.36,-1.5859,1242088.34,2790056.611,0.6401,0.77,15.3761,1.501,3.1425,1940591.8198,1940575.268,860111.1956,43352821.2543,43352451.4871
000001.SZ,20210120,22.15,22.97,22.12,22.47,22.34,0.13,0.5819,1280793.16,2889249.85,0.66,0.79,15.4655,1.5097,3.1608,1940591.8198,1940575.268,860111.1956,43605098.1909,43604726.272
000001.SZ,20210121,22.5,22.8,22.15,22.23,22.47,-0.24,-1.0681,944778.6,2114252.731,0.4869,0.57,15.3004,1.4936,3.127,1940591.8198,1940575.268,860111.1956,43139356.1542,43138988.2076
000001.SZ,20210122,22.23,22.23,21.51,22.03,22.23,-0.2,-0.8997,924434.42,2025834.761,0.4764,0.57,15.1627,1.4802,3.0989,1940591.8198,1940575.268,860111.1956,42751237.7902,42750873.154
000001.SZ,20210125,21.72,22.6,21.43,22.49,22.03,0.46,2.0881,1028365.27,2269032.82,0.5299,0.79,15.4793,1.5111,3.1636,1940591.8198,1940575.268,860111.1956,43643910.0273,43643537.7773
000001.SZ,20210126,22.3,23.32,22.3,22.37,22.49,-0.12,-0.5336,1126720.55,2558575.511,0.5806,1.04,15.3967,1.503,3.1467,1940591.8198,1940575.268,860111.1956,43411039.0089,43410668.7452
000001.SZ,20210127,22.31,23.47,22.31,23.08,22.37,0.71,3.1739,1294152.72,2976800.955,0.6669,1.22,15.8854,1.5507,3.2466,1940591.8198,1940575.268,860111.1956,44788859.201,44788477.1854
000001.SZ,20210128,22.78,23.18,22.45,22.81,23.08,-0.27,-1.1698,857476.96,1948881.146,0.4419,0.81,15.6996,1.5326,3.2086,1940591.8198,1940575.268,860111.1956,44264899.4096,44264521.8631
000001.SZ,20210129,22.81,23.54,22.71,23.09,22.81,0.28,1.2275,1240258.41,2864101.419,0.6391,1.19,15.8923,1.5514,3.248,1940591.8198,1940575.268,860111.1956,44808265.1192,44807882.9381
000001.SZ,20210201,23.0,24.99,22.7,24.55,23.09,1.46,6.3231,1475239.3,3529556.986,0.7602,1.33,16.8972,1.6495,3.4533,1940591.8198,1940575.268,860111.1956,47641529.1761,47641122.8294
000001.SZ,20210202,23.38,24.1,22.91,23.28,24.55,-1.27,-5.1731,2416168.77,5679179.941,1.2451,2.02,15.617,1.5357,2.9423,1940591.8198,1940575.4475,860111.3751,45176977.5649,45176596.4178
000001.SZ,20210203,23.48,25.18,23.38,24.95,23.28,1.67,7.1735,1923271.59,4690176.486,0.9911,1.32,16.7373,1.6458,3.1534,1940591.8198,1940575.4475,860111.3751,48417765.904,48417357.4151
000001.SZ,20210204,24.18,25.24,24.04,24.6,24.95,-0.35,-1.4028,1255247.5,3084553.75,0.6468,0.79,16.5025,1.6227,3.1092,1940591.8198,1940575.4475,860111.3751,47738558.7671,47738156.0085
000001.SZ,20210205,24.6,25.31,24.27,24.93,24.6,0.33,1.3415,1015575.59,2517804.159,0.5233,0.61,16.7239,1.6445,3.1509,1940591.8198,1940575.4475,860111.3751,48378954.0676,48378545.9062
000001.SZ,20210208,24.9,24.9,24.1,24.8,24.93,-0.13,-0.5215,1084264.67,2650948.251,0.5587,0.67,16.6367,1.6359,3.1344,1940591.8198,1940575.4475,860111.3751,48126677.131,48126271.098
000001.SZ,20210209,24.79,24.84,24.17,24.58,24.8,-0.22,-0.8871,942093.55,2302978.158,0.4855,0.61,16.4891,1.6214,3.1066,1940591.8198,1940575.4475,860111.3751,47699746.9307,47699344.4996
000001.SZ,20210210,24.6,24.96,23.38,23.82,24.58,-0.76,-3.0919,1918867.1,4569741.959,0.9888,1.54,15.9793,1.5713,3.0106,1940591.8198,1940575.4475,860111.3751,46224897.1476,46224507.1595
000001.SZ,20210218,24.0,24.55,23.48,24.3,23.82,0.48,2.0151,1505230.81,3619387.651,0.7757,1.21,16.3013,1.6029,3.0712,1940591.8198,1940575.4475,860111.3751,47156381.2211,47155983.3743
000001.SZ,20210219,23.96,24.19,23.57,23.85,24.3,-0.45,-1.8519,922583.14,2197558.286,0.4754,0.71,15.9994,1.5733,3.0144,1940591.8198,1940575.4475,860111.3751,46283114.9022,46282724.4229
000001.SZ,20210222,23.8,23.8,22.26,22.38,23.85,-1.47,-6.1635,1956842.48,4445818.547,1.0084,1.54,15.0133,1.4763,2.8286,1940591.8198,1940575.4475,860111.3751,43430444.9271,43430078.5151
000001.SZ,20210223,22.38,22.68,21.82,21.93,22.38,-0.45,-2.0107,1870460.13,4160776.611,0.9639,1.29,14.7114,1.4466,2.7717,1940591.8198,1940575.4475,860111.3751,42557178.6082,42556819.5637
000001.SZ,20210224,22.27,22.28,21.56,22.16,21.93,0.23,1.0488,1428499.85,3144209.051,0.7361,0.87,14.8657,1.4618,2.8008,1940591.8198,1940575.4475,860111.3751,43003514.7268,43003151.9166
000001.SZ,20210225,22.4,22.56,21.68,22.09,22.16,-0.07,-0.3159,1593403.47,3524600.794,0.8211,1.04,14.8187,1.4572,2.7919,1940591.8198,1940575.4475,860111.3751,42867673.2994,42867311.6353
000001.SZ,20210226,21.6,21.96,21.21,21.38,22.09,-0.71,-3.2141,1124977.3,2424653.753,0.5797,0.72,14.3425,1.4103,2.7022,1940591.8198,1940575.4475,860111.3751,41489853.1073,41489503.0676
000001.SZ,20210301,21.54,21.68,21.18,21.45,21.38,0.07,0.3274,1125386.53,2408050.906,0.5799,0.71,14.3894,1.4149,2.711,1940591.8198,1940575.4475,860111.3751,41625694.5347,41625343.3489
000001.SZ,20210302,21.62,22.15,21.26,21.65,21.45,0.2,0.9324,1473425.05,3196536.981,0.7593,1.03,14.5236,1.4281,2.7363,1940591.8198,1940575.4475,860111.3751,42013812.8987,42013458.4384
000001.SZ,20210303,21.58,23.08,21.46,23.01,21.65,1.36,6.2818,1919635.27,4320024.431,0.9892,1.42,15.4359,1.5178,2.9082,1940591.8198,1940575.4475,860111.3751,44653017.7736,44652641.047
000001.SZ,20210304,22.77,23.49,22.65,22.92,23.01,-0.09,-0.3911,1213579.37,2799747.146,0.6254,0.84,15.3755,1.5119,2.8968,1940591.8198,1940575.4475,860111.3751,44478364.5098,44477989.2567
000001.SZ,20210305,22.7,22.98,21.86,22.34,22.92,-0.58,-2.5305,880171.41,1960439.115,0.4536,0.64,14.9865,1.4736,2.8235,1940591.8198,1940575.4475,860111.3751,43352821.2543,43352455.4972
000001.SZ,20210308,22.44,22.69,21.48,21.6,22.34,-0.74,-3.3124,993773.97,2189190.957,0.5121,0.75,14.49,1.4248,2.73,1940591.8198,1940575.4475,860111.3751,41916783.3077,41916429.666
000001.SZ,20210309,21.68,21.92,20.58,20.85,21.6,-0.75,-3.4722,1361895.33,2882931.927,0.7018,1.05,13.9869,1.3754,2.6352,1940591.8198,1940575.4475,860111.3751,40461339.4428,40460998.0804
000001.SZ,20210310,20.84,20.91,20.28,20.4,20.85,-0.45,-2.1583,1149416.57,2356185.003,0.5923,0.9,13.685,1.3457,2.5783,1940591.8198,1940575.4475,860111.3751,39588073.1239,39587739.129
000001.SZ,20210311,20.58,21.38,20.56,21.27,20.4,0.87,4.2647,1048659.39,2213107.787,0.5404,0.94,14.2687,1.4031,2.6883,1940591.8198,1940575.4475,860111.3751,41276388.0071,41276039.7683
000001.SZ,20210312,21.37,21.7,21.2,21.48,21.27,0.21,0.9873,697200.6,1494219.075,0.3593,0.64,14.4095,1.4169,2.7148,1940591.8198,1940575.4475,860111.3751,41683912.2893,41683560.6123
000001.SZ,20210315,21.4,22.12,21.11,21.6,21.48,0.12,0.5587,958748.7,2077984.893,0.4941,0.91,14.49,1.4248,2.73,1940591.8198,1940575.4475,860111.3751,41916783.3077,41916429.666
000001.SZ,20210316,21.6,22.11,21.27,21.66,21.6,0.06,0.2778,939684.32,2038470.66,0.4842,0.9,14.5303,1.4288,2.7376,1940591.8198,1940575.4475,860111.3751,42033218.8169,42032864.1929
000001.SZ,20210317,21.45,21.55,20.9,21.2,21.66,-0.46,-2.1237,821488.65,1738185.857,0.4233,0.86,14.2217,1.3984,2.6794,1940591.8198,1940575.4475,860111.3751,41140546.5798,41140199.487
000001.SZ,20210318,21.3,21.73,21.0,21.73,21.2,0.53,2.5,691610.19,1483801.548,0.3564,0.77,14.5772,1.4334,2.7464,1940591.8198,1940575.4475,860111.3751,42169060.2443,42168704.4742
000001.SZ,20210319,21.53,21.65,20.37,20.47,21.73,-1.26,-5.7984,1525622.27,3159181.042,0.7862,1.86,13.732,1.3503,2.5872,1940591.8198,1940575.4475,860111.3751,39723914.5513,39723579.4103
000001.SZ,20210322,20.55,21.55,20.53,21.55,20.47,1.08,5.276,1451190.08,3087549.484,0.7478,1.47,14.4565,1.4215,2.7237,1940591.8198,1940575.4475,860111.3751,41819753.7167,41819400.8936
000001.SZ,20210323,21.57,21.65,20.96,21.23,21.55,-0.32,-1.4849,682903.38,1448043.613,0.3519,0.63,14.2418,1.4004,2.6832,1940591.8198,1940575.4475,860111.3751,41198764.3344,41198416.7504
000001.SZ,20210324,21.21,21.28,20.45,20.53,21.23,-0.7,-3.2972,850085.07,1757688.572,0.4381,0.82,13.7722,1.3543,2.5948,1940591.8198,1940575.4475,860111.3751,39840350.0605,39840013.9372
000001.SZ,20210325,20.58,20.83,20.4,20.75,20.53,0.22,1.0716,492665.74,1017166.048,0.2539,0.47,13.9198,1.3688,2.6226,1940591.8198,1940575.4475,860111.3751,40267280.2609,40266940.5356
000001.SZ,20210326,20.84,21.4,20.76,21.14,20.75,0.39,1.8795,822108.06,1733412.579,0.4236,0.82,14.1815,1.3945,2.6718,1940591.8198,1940575.4475,860111.3751,41024111.0706,41023764.9602
000001.SZ,20210329,21.28,21.65,21.2,21.49,21.14,0.35,1.6556,785666.68,1684397.866,0.4049,0.91,14.4162,1.4176,2.7161,1940591.8198,1940575.4475,860111.3751,41703318.2075,41702966.3668
000001.SZ,20210330,21.38,21.93,21.21,21.93,21.49,0.44,2.0475,738654.81,1601238.499,0.3806,1.02,14.7114,1.4466,2.7717,1940591.8198,1940575.4475,860111.3751,42557178.6082,42556819.5637
000001.SZ,20210331,21.77,22.07,21.6,22.01,21.93,0.08,0.3648,777028.07,1699922.183,0.4004,1.05,14.7651,1.4519,2.7818,1940591.8198,1940575.4475,860111.3751,42712425.9538,42712065.5995
000001.SZ,20210401,22.08,22.11,21.5,21.78,22.01,-0.23,-1.045,544448.98,1183868.023,0.2806,0.75,14.6108,1.4367,2.7527,1940591.8198,1940575.4475,860111.3751,42266089.8352,42265733.2466
000001.SZ,20210402,21.7,21.73,21.36,21.5,21.78,-0.28,-1.2856,581083.52,1249405.387,0.2994,0.79,14.423,1.4182,2.7173,1940591.8198,1940575.4475,860111.3751,41722724.1257,41722372.1213
000001.SZ,20210406,21.55,22.09,21.51,21.68,21.5,0.18,0.8372,401102.82,873387.016,0.2067,0.59,14.5437,1.4301,2.7401,1940591.8198,1940575.4475,860111.3751,42072030.6533,42071675.7018
000001.SZ,20210407,21.88,21.93,21.31,21.64,21.68,-0.04,-0.1845,517604.59,1116774.452,0.2667,0.85,14.5169,1.4275,2.735,1940591.8198,1940575.4475,860111.3751,41994406.9805,41994052.6839
000001.SZ,20210408,21.46,21.73,21.33,21.56,21.64,-0.08,-0.3697,383029.5,825170.84,0.1974,0.68,14.4632,1.4222,2.7249,1940591.8198,1940575.4475,860111.3751,41839159.6349,41838806.6481
000001.SZ,20210409,21.71,21.72,21.08,21.3,21.56,-0.26,-1.2059,398960.28,849870.878,0.2056,0.82,14.2888,1.405,2.6921,1940591.8198,1940575.4475,860111.3751,41334605.7617,41334257.0318
000001.SZ,20210412,21.51,21.51,20.63,20.7,21.3,-0.6,-2.8169,594743.14,1240067.319,0.3065,1.3,13.8863,1.3655,2.6162,1940591.8198,1940575.4475,860111.3751,40170250.6699,40169911.7633
000001.SZ,20210413,20.72,20.88,20.59,20.78,20.7,0.08,0.3865,499904.18,1036992.692,0.2576,1.09,13.94,1.3707,2.6263,1940591.8198,1940575.4475,860111.3751,40325498.0154,40325157.7991
000001.SZ,20210414,20.79,20.94,20.42,20.67,20.78,-0.11,-0.5294,537438.49,1113001.541,0.2769,1.12,13.8662,1.3635,2.6124,1940591.8198,1940575.4475,860111.3751,40112032.9153,40111694.4998
000001.SZ,20210415,20.76,20.77,20.08,20.36,20.67,-0.31,-1.4998,735865.05,1494016.04,0.3792,1.52,13.6582,1.343,2.5733,1940591.8198,1940575.4475,860111.3751,39510449.4511,39510116.1111
000001.SZ,20210416,20.36,20.43,19.81,20.26,20.36,-0.1,-0.4912,729998.26,1466509.057,0.3762,1.32,13.5911,1.3364,2.5606,1940591.8198,1940575.4475,860111.3751,39316390.2691,39316058.5664
000001.SZ,20210419,20.03,21.24,19.91,21.15,20.26,0.89,4.3929,1112282.62,2304021.478,0.5732,1.8,14.1882,1.3952,2.6731,1940591.8198,1940575.4475,860111.3751,41043516.9888,41043170.7146
000001.SZ,20210420,21.08,21.95,20.92,21.69,21.15,0.54,2.5532,834772.72,1798249.024,0.4302,1.15,14.5504,1.4308,2.7414,1940591.8198,1940575.4475,860111.3751,42091436.5715,42091081.4563
000001.SZ,20210421,22.3,23.19,22.29,23.01,21.69,1.32,6.0858,1597099.65,3644577.541,0.823,2.02,15.4359,1.4753,2.9082,1940591.8198,1940575.4475,860111.3751,44653017.7736,44652641.047
000001.SZ,20210422,23.19,23.23,22.78,22.98,23.01,-0.03,-0.1304,829693.88,1905208.911,0.4276,0.83,15.4158,1.4734,2.9044,1940591.8198,1940575.4475,860111.3751,44594800.019,44594423.7836
000001.SZ,20210423,23.32,23.65,23.07,23.29,22.98,0.31,1.349,823230.15,1920413.502,0.4242,0.81,15.6237,1.4932,2.9436,1940591.8198,1940575.4475,860111.3751,45196383.4831,45196002.1723
000001.SZ,20210426,23.87,24.23,22.9,22.94,23.29,-0.35,-1.5028,872417.67,2037109.597,0.4496,0.84,15.389,1.4708,2.8993,1940591.8198,1940575.4475,860111.3751,44517176.3462,44516800.7657
000001.SZ,20210427,22.95,23.19,22.86,22.94,22.94,0.0,0.0,470431.4,1083043.579,0.2424,0.47,15.389,1.4708,2.8993,1940591.8198,1940575.4475,860111.3751,44517176.3462,44516800.7657
000001.SZ,20210428,23.29,23.45,22.78,23.35,22.94,0.41,1.7873,593837.93,1375141.409,0.306,0.65,15.664,1.4971,2.9512,1940591.8198,1940575.4475,860111.3751,45312818.9923,45312436.6991
000001.SZ,20210429,23.34,23.71,23.11,23.59,23.35,0.24,1.0278,614836.88,1439823.965,0.3168,0.86,15.825,1.5125,2.9815,1940591.8198,1940575.4475,860111.3751,45778561.0291,45778174.8065
000001.SZ,20210430,23.35,23.49,23.01,23.29,23.59,-0.3,-1.2717,561981.32,1308177.202,0.2896,0.83,15.6237,1.4932,2.9436,1940591.8198,1940575.4475,860111.3751,45196383.4831,45196002.1723
000001.SZ,20210506,23.1,23.7,23.1,23.5,23.29,0.21,0.9017,500295.22,1174181.608,0.2578,0.8,15.7646,1.5067,2.9701,1940591.8198,1940575.4475,860111.3751,45603907.7653,45603523.0163
000001.SZ,20210507,23.67,24.3,23.39,24.05,23.5,0.55,2.3404,802214.21,1929112.374,0.4134,1.46,16.1336,1.542,3.0396,1940591.8198,1940575.4475,860111.3751,46671233.2662,46670839.5124
000001.SZ,20210510,24.0,24.04,23.02,23.86,24.05,-0.19,-0.79,661438.9,1566860.764,0.3408,1.08,16.0061,1.5298,3.0156,1940591.8198,1940575.4475,860111.3751,46302520.8204,46302130.1774
000001.SZ,20210511,23.62,23.75,23.06,23.53,23.86,-0.33,-1.3831,497223.45,1161846.399,0.2562,0.79,15.7848,1.5086,2.9739,1940591.8198,1940575.4475,860111.3751,45662125.5199,45661740.2797
000001.SZ,20210512,23.29,23.64,22.88,23.55,23.53,0.02,0.085,533265.26,1245517.716,0.2748,0.88,15.7982,1.5099,2.9764,1940591.8198,1940575.4475,860111.3751,45700937.3563,45700551.7886
000001.SZ,20210513,23.52,23.59,22.84,23.07,23.55,-0.48,-2.0382,549652.5,1271946.298,0.2832,0.92,15.4762,1.4791,2.9158,1940591.8198,1940575.4475,860111.3751,44769453.2828,44769075.5738
000001.SZ,20210514,23.14,23.43,22.6,23.32,22.89,0.43,1.8785,563785.36,1300250.943,0.2905,0.93,15.6439,1.2961,2.9474,1940591.8198,1940575.4475,860111.3751,45254601.2377,45254219.4357
000001.SZ,20210517,23.15,23.82,22.95,23.6,23.32,0.28,1.2007,527564.65,1241605.192,0.2719,0.94,15.8317,1.3116,2.9828,1940591.8198,1940575.4475,860111.3751,45797966.9473,45797580.561
000001.SZ,20210518,23.85,24.11,23.4,23.9,23.6,0.3,1.2712,395414.98,939786.731,0.2038,0.74,16.033,1.5324,3.0207,1940591.8198,1940575.4475,860111.3751,46380144.4932,46379753.1953
000001.SZ,20210519,23.82,24.13,23.52,23.6,23.9,-0.3,-1.2552,429420.33,1022553.739,0.2213,0.84,15.8317,1.5131,2.9828,1940591.8198,1940575.4475,860111.3751,45797966.9473,45797580.561
000001.SZ,20210520,23.41,23.84,23.27,23.82,23.6,0.22,0.9322,405788.37,957478.853,0.2091,0.82,15.9793,1.5272,3.0106,1940591.8198,1940575.4475,860111.3751,46224897.1476,46224507.1595
000001.SZ,20210521,23.88,24.09,23.03,23.49,23.82,-0.33,-1.3854,539335.74,1263058.114,0.2779,1.16,15.7579,1.5061,2.9689,1940591.8198,1940575.4475,860111.3751,45584501.8471,45584117.2618
000001.SZ,20210524,23.48,23.6,23.19,23.48,23.49,-0.01,-0.0426,343935.63,806092.207,0.1772,0.75,15.7512,1.5054,2.9676,1940591.8198,1940575.4475,860111.3751,45565095.9289,45564711.5073
000001.SZ,20210525,23.54,24.73,23.45,24.6,23.48,1.12,4.77,972374.62,2363145.902,0.5011,2.3,16.5025,1.5772,3.1092,1940591.8198,1940575.4475,860111.3751,47738558.7671,47738156.0085
000001.SZ,20210526,24.64,25.12,24.5,25.01,24.6,0.41,1.6667,919263.78,2286540.248,0.4737,1.71,16.7776,1.6035,3.161,1940591.8198,1940575.4475,860111.3751,48534201.4132,48533791.942
000001.SZ,20210527,24.91,25.16,24.52,24.79,25.01,-0.22,-0.8796,504091.36,1246712.048,0.2598,0.79,16.63,1.5894,3.1332,1940591.8198,1940575.4475,860111.3751,48107271.2128,48106865.3435
000001.SZ,20210528,24.68,24.71,24.16,24.5,24.79,-0.29,-1.1698,492400.73,1200523.315,0.2537,0.75,16.4355,1.5708,3.0965,1940591.8198,1940575.4475,860111.3751,47544499.5851,47544098.4638
000001.SZ,20210531,24.33,24.53,23.91,24.2,24.5,-0.3,-1.2245,515350.81,1244209.045,0.2656,0.8,16.2342,1.5516,3.0586,1940591.8198,1940575.4475,860111.3751,46962322.0392,46961925.8295
000001.SZ,20210601,24.2,24.25,23.5,23.92,24.2,-0.28,-1.157,625017.96,1490476.624,0.3221,0.92,16.0464,1.5336,3.0232,1940591.8198,1940575.4475,860111.3751,46418956.3296,46418564.7042
000001.SZ,20210602,23.89,23.92,23.38,23.89,23.92,-0.03,-0.1254,497527.02,1176608.126,0.2564,0.81,16.0263,1.5317,3.0194,1940591.8198,1940575.4475,860111.3751,46360738.575,46360347.4408
000001.SZ,20210603,23.72,24.14,23.68,23.77,23.89,-0.12,-0.5023,400900.85,958876.472,0.2066,0.76,15.9458,1.524,3.0043,1940591.8198,1940575.4475,860111.3751,46127867.5566,46127478.3871
000001.SZ,20210604,23.99,24.96,23.8,24.54,23.77,0.77,3.2394,756739.42,1851425.837,0.39,1.49,16.4623,1.5734,3.1016,1940591.8198,1940575.4475,860111.3751,47622123.2579,47621721.4817
000001.SZ,20210607,24.48,24.48,23.93,24.3,24.54,-0.24,-0.978,447914.1,1081738.832,0.2308,0.8,16.3013,1.558,3.0712,1940591.8198,1940575.4475,860111.3751,47156381.2211,47155983.3743
000001.SZ,20210608,24.15,24.57,23.95,24.53,24.3,0.23,0.9465,570077.92,1384120.301,0.2938,1.04,16.4556,1.5727,3.1003,1940591.8198,1940575.4475,860111.3751,47602717.3397,47602315.7272
000001.SZ,20210609,24.43,24.88,24.18,24.65,24.53,0.12,0.4892,453831.5,1116771.375,0.2339,0.85,16.5361,1.5804,3.1155,1940591.8198,1940575.4475,860111.3751,47835588.3581,47835184.7809
000001.SZ,20210610,24.66,25.06,24.15,24.2,24.65,-0.45,-1.8256,530215.16,1294972.566,0.2732,1.01,16.2342,1.5516,3.0586,1940591.8198,1940575.4475,860111.3751,46962322.0392,46961925.8295
000001.SZ,20210611,24.31,24.35,23.12,23.37,24.2,-0.83,-3.4298,834665.04,1965393.115,0.4301,1.51,15.6774,1.4984,2.9537,1940591.8198,1940575.4475,860111.3751,45351630.8287,45351248.2081
000001.SZ,20210615,23.35,23.43,22.8,23.22,23.37,-0.15,-0.6418,660622.59,1524503.477,0.3404,1.16,15.5768,1.4888,2.9347,1940591.8198,1940575.4475,860111.3751,45060542.0558,45060161.891
000001.SZ,20210616,23.22,23.4,23.01,23.26,23.22,0.04,0.1723,378208.04,878470.834,0.1949,0.62,15.6036,1.4913,2.9398,1940591.8198,1940575.4475,860111.3751,45138165.7285,45137784.9089
000001.SZ,20210617,23.02,23.69,23.02,23.1,23.26,-0.16,-0.6879,453282.09,1059121.804,0.2336,0.79,15.4963,1.4811,2.9196,1940591.8198,1940575.4475,860111.3751,44827671.0374,44827292.8373
000001.SZ,20210618,23.13,23.28,22.39,22.65,23.1,-0.45,-1.9481,694099.3,1574437.729,0.3577,1.21,15.1944,1.4522,2.8627,1940591.8198,1940575.4475,860111.3751,43954404.7185,43954033.8859
000001.SZ,20210621,22.6,22.67,22.01,22.16,22.65,-0.49,-2.1634,718272.74,1600119.859,0.3701,1.19,14.8657,1.4208,2.8008,1940591.8198,1940575.4475,860111.3751,43003514.7268,43003151.9166
000001.SZ,20210622,22.38,23.09,22.25,22.97,22.16,0.81,3.6552,757751.41,1720058.046,0.3905,1.3,15.4091,1.4727,2.9031,1940591.8198,1940575.4475,860111.3751,44575394.1008,44575018.0291
000001.SZ,20210623,22.85,23.41,22.72,23.14,22.97,0.17,0.7401,447907.78,1035835.695,0.2308,0.75,15.5231,1.4836,2.9246,1940591.8198,1940575.4475,860111.3751,44905294.7102,44904915.8552
000001.SZ,20210624,23.03,23.12,22.68,23.08,23.14,-0.06,-0.2593,390283.49,894502.108,0.2011,0.64,15.4829,1.4798,2.917,1940591.8198,1940575.4475,860111.3751,44788859.201,44788481.3283
000001.SZ,20210625,23.08,23.6,23.06,23.36,23.08,0.28,1.2132,559972.95,1310287.389,0.2886,0.93,15.6707,1.4977,2.9524,1940591.8198,1940575.4475,860111.3751,45332224.9105,45331842.4536
000001.SZ,20210628,23.36,23.39,22.48,22.78,23.36,-0.58,-2.4829,626257.37,1425702.202,0.3227,1.09,15.2816,1.4605,2.8791,1940591.8198,1940575.4475,860111.3751,44206681.655,44206308.6941
000001.SZ,20210629,22.58,22.79,22.0,22.34,22.78,-0.44,-1.9315,1049749.39,2341926.371,0.5409,1.89,14.9865,1.4323,2.8235,1940591.8198,1940575.4475,860111.3751,43352821.2543,43352455.4972
000001.SZ,20210630,22.36,22.93,22.35,22.62,22.34,0.28,1.2534,403435.46,913285.187,0.2079,0.66,15.1743,1.4503,2.8589,1940591.8198,1940575.4475,860111.3751,43896186.9639,43895816.6225
000001.SZ,20210701,22.81,23.5,22.52,23.2,22.62,0.58,2.5641,664833.3,1530548.798,0.3426,1.1,15.5634,1.4875,2.9322,1940591.8198,1940575.4475,860111.3751,45021730.2194,45021350.382
000001.SZ,20210702,22.72,22.74,21.76,21.81,23.2,-1.39,-5.9914,1070677.56,2360189.793,0.5517,1.62,14.6309,1.3984,2.7565,1940591.8198,1940575.4475,860111.3751,42324307.5898,42323950.51
000001.SZ,20210705,21.69,22.15,21.09,22.06,21.81,0.25,1.1463,859341.29,1859394.323,0.4428,1.13,14.7986,1.4144,2.7881,1940591.8198,1940575.4475,860111.3751,42809455.5448,42809094.3719
000001.SZ,20210706,22.08,23.0,21.85,22.78,22.06,0.72,3.2638,791957.26,1784792.785,0.4081,0.98,15.2816,1.4605,2.8791,1940591.8198,1940575.4475,860111.3751,44206681.655,44206308.6941
000001.SZ,20210707,22.68,23.05,22.5,22.55,22.78,-0.23,-1.0097,468944.87,1063910.095,0.2417,0.62,15.1273,1.4458,2.8501,1940591.8198,1940575.4475,860111.3751,43760345.5365,43759976.3411
000001.SZ,20210708,22.78,22.78,21.2,21.51,22.55,-1.04,-4.612,1457059.47,3140657.439,0.7508,1.89,14.4297,1.3791,2.7186,1940591.8198,1940575.4475,860111.3751,41742130.0439,41741777.8757
000001.SZ,20210709,21.3,21.63,21.02,21.27,21.51,-0.24,-1.1158,762364.74,1625461.607,0.3929,0.82,14.2687,1.3637,2.6883,1940591.8198,1940575.4475,860111.3751,41276388.0071,41276039.7683
000001.SZ,20210712,21.5,21.5,20.89,21.16,21.27,-0.11,-0.5172,877901.02,1859059.51,0.4524,1.01,14.1949,1.3567,2.6744,1940591.8198,1940575.4475,860111.3751,41062922.907,41062576.4691
000001.SZ,20210713,21.15,21.34,20.54,21.12,21.16,-0.04,-0.189,657613.95,1382029.13,0.3389,0.75,14.168,1.3541,2.6693,1940591.8198,1940575.4475,860111.3751,40985299.2342,40984953.4512
000001.SZ,20210714,21.0,21.0,20.41,20.76,21.12,-0.36,-1.7045,847950.55,1755810.875,0.437,1.0,13.9265,1.331,2.6238,1940591.8198,1940575.4475,860111.3751,40286686.179,40286346.2901
000001.SZ,20210715,20.72,21.72,20.63,21.62,20.76,0.86,4.1426,956003.05,2040266.258,0.4926,1.04,14.5035,1.3862,2.7325,1940591.8198,1940575.4475,860111.3751,41955595.1441,41955241.175
000001.SZ,20210716,21.41,21.82,21.3,21.34,21.62,-0.28,-1.2951,573002.61,1230180.813,0.2953,0.7,14.3156,1.3682,2.6971,1940591.8198,1940575.4475,860111.3751,41412229.4345,41411880.0497
000001.SZ,20210719,21.36,21.43,20.78,21.21,21.34,-0.13,-0.6092,522135.95,1098434.741,0.2691,0.67,14.2284,1.3599,2.6807,1940591.8198,1940575.4475,860111.3751,41159952.498,41159605.2415
000001.SZ,20210720,21.1,21.2,20.47,20.6,21.21,-0.61,-2.876,804034.33,1665315.545,0.4143,1.13,13.8192,1.3208,2.6036,1940591.8198,1940575.4475,860111.3751,39976191.4879,39975854.2185
000001.SZ,20210721,20.58,20.8,20.2,20.45,20.6,-0.15,-0.7282,753076.52,1535327.561,0.3881,1.02,13.7186,1.3112,2.5846,1940591.8198,1940575.4475,860111.3751,39685102.7149,39684767.9014
000001.SZ,20210722,20.45,20.66,20.24,20.38,20.45,-0.07,-0.3423,868648.09,1773999.331,0.4476,1.2,13.6716,1.3219,2.5758,1940591.8198,1940575.4475,860111.3751,39549261.2875,39548927.6201
000001.SZ,20210723,20.38,20.38,20.0,20.1,20.38,-0.28,-1.3739,727404.33,1461467.511,0.3748,1.03,13.4838,1.3038,2.5404,1940591.8198,1940575.4475,860111.3751,39005895.578,39005566.4948
000001.SZ,20210726,19.96,19.99,18.43,18.8,20.1,-1.3,-6.4677,1451303.94,2770236.696,0.7479,1.97,12.6117,1.2194,2.3761,1940591.8198,1940575.4475,860111.3751,36483126.2122,36482818.413
000001.SZ,20210727,18.87,18.99,17.6,17.76,18.8,-1.04,-5.5319,1357551.48,2461708.369,0.6996,1.47,11.914,1.152,2.2447,1940591.8198,1940575.4475,860111.3751,34464910.7196,34464619.9476
000001.SZ,20210728,17.85,18.07,17.68,17.75,17.76,-0.01,-0.0563,1062994.21,1898562.591,0.5478,1.03,11.9073,1.1513,2.2434,1940591.8198,1940575.4475,860111.3751,34445504.8015,34445214.1931
000001.SZ,20210729,17.91,18.24,17.78,17.96,17.75,0.21,1.1831,872378.12,1566107.824,0.4495,0.8,12.0482,1.165,2.2699,1940591.8198,1940575.4475,860111.3751,34853029.0836,34852735.0371
000001.SZ,20210730,17.92,18.05,17.24,17.69,17.96,-0.27,-1.5033,950155.88,1679747.318,0.4896,0.87,11.8671,1.1474,2.2358,1940591.8198,1940575.4475,860111.3751,34329069.2923,34328779.6663
000001.SZ,20210802,17.64,18.14,17.18,18.01,17.69,0.32,1.8089,1159922.63,2056014.242,0.5977,1.02,12.0817,1.1682,2.2763,1940591.8198,1940575.4475,860111.3751,34950058.6746,34949763.8095
000001.SZ,20210803,17.99,18.15,17.66,17.89,18.01,-0.12,-0.6663,896948.57,1609422.575,0.4622,0.83,12.0012,1.1604,2.2611,1940591.8198,1940575.4475,860111.3751,34717187.6562,34716894.7558
000001.SZ,20210804,18.04,18.07,17.6,17.81,17.89,-0.08,-0.4472,729620.08,1300164.293,0.376,0.74,11.9476,1.1552,2.251,1940591.8198,1940575.4475,860111.3751,34561940.3106,34561648.72
000001.SZ,20210805,17.7,18.05,17.58,17.68,17.81,-0.13,-0.7299,621573.88,1104903.004,0.3203,0.67,11.8604,1.1468,2.2345,1940591.8198,1940575.4475,860111.3751,34309663.3741,34309373.9118
000001.SZ,20210806,17.55,17.9,17.45,17.86,17.68,0.18,1.0181,567454.13,1005870.948,0.2924,0.65,11.9811,1.1585,2.2573,1940591.8198,1940575.4475,860111.3751,34658969.9016,34658677.4924
000001.SZ,20210809,17.91,19.25,17.84,19.06,17.86,1.2,6.7189,1752798.0,3313803.23,0.9032,2.2,12.7861,1.2363,2.409,1940591.8198,1940575.4475,860111.3751,36987680.0854,36987368.0294
000001.SZ,20210810,19.09,19.98,18.9,19.73,19.06,0.67,3.5152,1301988.44,2535427.989,0.6709,1.42,13.2356,1.2798,2.4936,1940591.8198,1940575.4475,860111.3751,38287876.6047,38287553.5792
000001.SZ,20210811,19.99,20.58,19.7,19.81,19.73,0.08,0.4055,1048308.44,2104975.144,0.5402,1.05,13.2892,1.2849,2.5038,1940591.8198,1940575.4475,860111.3751,38443123.9502,38442799.615
000001.SZ,20210812,19.79,20.3,19.63,19.89,19.81,0.08,0.4038,666458.0,1330388.046,0.3434,0.63,13.3429,1.2901,2.5139,1940591.8198,1940575.4475,860111.3751,38598371.2958,38598045.6508
000001.SZ,20210813,19.78,19.92,19.5,19.89,19.89,0.0,0.0,562885.02,1110191.399,0.2901,0.53,13.3429,1.2901,2.5139,1940591.8198,1940575.4475,860111.3751,38598371.2958,38598045.6508
000001.SZ,20210816,20.09,20.2,19.57,19.95,19.89,0.06,0.3017,627050.22,1247681.171,0.3231,0.59,13.3832,1.294,2.5214,1940591.8198,1940575.4475,860111.3751,38714806.805,38714480.1776
000001.SZ,20210817,19.85,20.22,19.61,19.67,19.95,-0.28,-1.4035,476021.94,947385.521,0.2453,0.57,13.1953,1.2759,2.4861,1940591.8198,1940575.4475,860111.3751,38171441.0955,38171119.0523
000001.SZ,20210818,19.67,21.2,19.55,20.62,19.67,0.95,4.8297,1332732.16,2732213.549,0.6868,1.97,13.8326,1.3375,2.6061,1940591.8198,1940575.4475,860111.3751,40015003.3243,40014665.7275
000001.SZ,20210819,20.48,20.62,20.02,20.34,20.62,-0.28,-1.3579,649975.61,1315320.351,0.3349,0.89,13.6448,1.3193,2.5707,1940591.8198,1940575.4475,860111.3751,39471637.6147,39471304.6022
000001.SZ,20210820,19.97,20.07,18.7,19.42,20.34,-0.92,-4.5231,1614627.93,3119152.554,0.832,2.21,13.0276,1.2266,2.4545,1940591.8198,1940575.4475,816063.5037,37686293.1405,37685975.1905
000001.SZ,20210823,19.5,20.05,19.11,19.3,19.42,-0.12,-0.6179,1191849.35,2315871.646,0.6142,1.27,12.9471,1.219,2.4393,1940591.8198,1940575.4475,860111.3751,37453422.1221,37453106.1368
000001.SZ,20210824,19.35,19.97,19.21,19.36,19.3,0.06,0.3109,868953.3,1690760.837,0.4478,0.83,12.9874,1.2228,2.4469,1940591.8198,1940575.4475,860111.3751,37569857.6313,37569540.6636
000001.SZ,20210825,19.42,19.47,18.95,19.16,19.36,-0.2,-1.0331,698083.97,1341330.418,0.3597,0.62,12.8532,1.2102,2.4216,1940591.8198,1940575.4475,860111.3751,37181739.2674,37181425.5741
000001.SZ,20210826,19.2,19.26,18.41,18.46,19.16,-0.7,-3.6534,951619.0,1783725.035,0.4904,0.95,12.3836,1.1659,2.3331,1940591.8198,1940575.4475,860111.3751,35823324.9935,35823022.7609
000001.SZ,20210827,18.56,18.88,18.31,18.39,18.46,-0.07,-0.3792,728820.23,1354408.976,0.3756,0.68,12.3367,1.1615,2.3243,1940591.8198,1940575.4475,860111.3751,35687483.5661,35687182.4795
000001.SZ,20210830,18.21,18.29,17.55,17.72,18.39,-0.67,-3.6433,1252211.01,2221855.858,0.6453,1.41,11.8872,1.1192,2.2396,1940591.8198,1940575.4475,860111.3751,34387287.0469,34386996.9297
000001.SZ,20210831,17.72,17.93,17.31,17.8,17.72,0.08,0.4515,1174867.86,2072006.842,0.6054,1.31,11.9409,1.1243,2.2497,1940591.8198,1940575.4475,860111.3751,34542534.3924,34542242.9655
000001.SZ,20210901,17.48,17.92,17.01,17.88,17.8,0.08,0.4494,2316894.09,4046284.162,1.1939,2.41,11.9945,1.1293,2.2598,1940591.8198,1940575.4475,860111.3751,34697781.738,34697489.0013
000001.SZ,20210902,18.0,18.78,17.8,18.4,17.88,0.52,2.9083,2422603.54,4454545.28,1.2484,1.89,12.3434,1.1621,2.3255,1940591.8198,1940575.4475,860111.3751,35706889.4843,35706588.234
000001.SZ,20210903,18.5,18.5,17.7,18.04,18.4,-0.36,-1.9565,1394818.71,2523273.155,0.7188,0.88,12.1019,1.1394,2.28,1940591.8198,1940575.4475,860111.3751,35008276.4292,35007981.0729
000001.SZ,20210906,17.93,18.6,17.78,18.45,18.04,0.41,2.2727,1515225.56,2780281.08,0.7808,0.88,12.3769,1.1653,2.3319,1940591.8198,1940575.4475,860111.3751,35803919.0753,35803617.0064
000001.SZ,20210907,18.6,19.56,18.35,19.24,18.45,0.79,4.2818,1622344.16,3067365.668,0.836,0.92,12.9069,1.2152,2.4317,1940591.8198,1940575.4475,860111.3751,37336986.613,37336671.6099
000001.SZ,20210908,19.24,19.55,19.1,19.23,19.24,-0.01,-0.052,1026201.05,1979771.479,0.5288,0.55,12.9002,1.2146,2.4304,1940591.8198,1940575.4475,860111.3751,37317580.6948,37317265.8554
000001.SZ,20210909,19.11,19.15,18.8,19.0,19.23,-0.23,-1.196,739505.85,1399536.02,0.3811,0.46,12.7459,1.2,2.4014,1940591.8198,1940575.4475,860111.3751,36871244.5762,36870933.5025
000001.SZ,20210910,18.89,20.77,18.84,20.57,19.0,1.57,8.2632,2314945.28,4668361.827,1.1929,1.84,13.7991,1.2992,2.5998,1940591.8198,1940575.4475,860111.3751,39917973.7333,39917636.9551
000001.SZ,20210913,20.36,20.51,19.81,20.21,20.57,-0.36,-1.7501,1297228.02,2606152.378,0.6685,0.9,13.5576,1.2765,2.5543,1940591.8198,1940575.4475,860111.3751,39219360.6782,39219029.794
000001.SZ,20210914,20.18,20.27,19.27,19.37,20.21,-0.84,-4.1564,1158173.15,2272080.156,0.5968,0.83,12.9941,1.2234,2.4481,1940591.8198,1940575.4475,860111.3751,37589263.5495,37588946.4181
000001.SZ,20210915,19.31,20.99,19.19,19.52,19.37,0.15,0.7744,841618.41,1639298.361,0.4337,0.64,13.0947,1.2329,2.4671,1940591.8198,1940575.4475,860111.3751,37880352.3225,37880032.7352
000001.SZ,20210916,19.3,19.5,18.73,19.08,19.52,-0.44,-2.2541,1176953.56,2234474.948,0.6065,0.93,12.7995,1.2051,2.4115,1940591.8198,1940575.4475,860111.3751,37026491.9218,37026179.5383
000001.SZ,20210917,18.9,19.0,18.41,18.53,19.08,-0.55,-2.8826,1124879.63,2098715.196,0.5797,0.83,12.4306,1.1704,2.342,1940591.8198,1940575.4475,860111.3751,35959166.4209,35958863.0422
000001.SZ,20210922,17.87,18.05,17.42,17.98,18.53,-0.55,-2.9682,1473365.21,2616707.242,0.7592,1.32,12.0616,1.1356,2.2725,1940591.8198,1940575.4475,860111.3751,34891840.92,34891546.5461
000001.SZ,20210923,18.1,18.32,17.65,17.68,17.98,-0.3,-1.6685,1379837.59,2465683.704,0.711,1.19,11.8604,1.1167,2.2345,1940591.8198,1940575.4475,860111.3751,34309663.3741,34309373.9118
000001.SZ,20210924,17.6,17.68,17.34,17.35,17.68,-0.33,-1.8665,1265696.28,2209461.934,0.6522,1.06,11.639,1.0958,2.1928,1940591.8198,1940575.4475,860111.3751,33669268.0735,33668984.0141
000001.SZ,20210927,17.21,17.68,17.06,17.57,17.35,0.22,1.268,1140667.59,1979196.739,0.5878,0.89,11.7866,1.1097,2.2206,1940591.8198,1940575.4475,860111.3751,34096198.2739,34095910.6126
000001.SZ,20210928,17.47,18.17,17.45,17.97,17.57,0.4,2.2766,1293167.47,2311265.535,0.6664,1.01,12.0549,1.135,2.2712,1940591.8198,1940575.4475,860111.3751,34872435.0018,34872140.7916
000001.SZ,20210929,17.86,18.44,17.71,18.15,17.97,0.18,1.0017,1230121.75,2225416.488,0.6339,0.94,12.1757,1.1464,2.2939,1940591.8198,1940575.4475,860111.3751,35221741.5294,35221444.3721
000001.SZ,20210930,18.09,18.2,17.71,17.93,18.15,-0.22,-1.2121,795611.05,1424675.916,0.41,0.63,12.0281,1.1325,2.2661,1940591.8198,1940575.4475,860111.3751,34794811.329,34794517.7737
000001.SZ,20211008,18.17,18.89,18.02,18.64,17.93,0.71,3.9598,1159200.62,2146983.881,0.5973,1.01,12.5044,1.1773,2.3559,1940591.8198,1940575.4475,860111.3751,36172631.5211,36172326.3414
000001.SZ,20211011,19.0,19.74,19.0,19.4,18.64,0.76,4.0773,1455338.35,2829310.843,0.75,1.3,13.0142,1.2253,2.4519,1940591.8198,1940575.4475,860111.3751,37647481.3041,37647163.6815
000001.SZ,20211012,19.3,19.71,19.2,19.35,19.4,-0.05,-0.2577,1031232.18,2004823.967,0.5314,0.87,12.9807,1.2222,2.4456,1940591.8198,1940575.4475,860111.3751,37550451.7131,37550134.9091
000001.SZ,20211013,19.3,19.91,19.17,19.58,19.35,0.23,1.1886,807896.68,1577612.469,0.4163,0.71,13.135,1.2367,2.4747,1940591.8198,1940575.4475,860111.3751,37996787.8317,37996467.2621
000001.SZ,20211014,19.59,19.92,18.89,19.21,19.58,-0.37,-1.8897,842989.87,1623970.431,0.4344,0.8,12.8867,1.2133,2.4279,1940591.8198,1940575.4475,860111.3751,37278768.8584,37278454.3465
000001.SZ,20211015,19.0,19.9,19.0,19.66,19.21,0.45,2.3425,993493.78,1948647.236,0.512,0.94,13.1886,1.2417,2.4848,1940591.8198,1940575.4475,860111.3751,38152035.1773,38151713.2979
000001.SZ,20211018,19.45,19.55,19.1,19.29,19.66,-0.37,-1.882,729622.5,1408737.777,0.376,0.71,12.9404,1.2184,2.438,1940591.8198,1940575.4475,860111.3751,37434016.2039,37433700.3823
000001.SZ,20211019,19.15,19.68,19.15,19.57,19.29,0.28,1.4515,682415.15,1330501.301,0.3517,0.77,13.1282,1.236,2.4734,1940591.8198,1940575.4475,860111.3751,37977381.9135,37977061.5076
000001.SZ,20211020,19.75,19.78,19.19,19.24,19.57,-0.33,-1.6863,662955.55,1283356.219,0.3416,0.82,12.9069,1.2152,2.4317,1940591.8198,1940575.4475,860111.3751,37336986.613,37336671.6099
000001.SZ,20211021,19.52,20.06,19.25,20.0,19.24,0.76,3.9501,1621661.01,3198266.215,0.8357,2.07,13.4167,1.217,2.5278,1940591.8198,1940575.4475,860111.3751,38811836.396,38811508.95
000001.SZ,20211022,20.16,20.59,19.8,20.04,20.0,0.04,0.2,1134963.63,2287284.921,0.5849,1.21,13.4435,1.2194,2.5328,1940591.8198,1940575.4475,816063.5037,38889460.0688,38889131.9679
000001.SZ,20211025,19.71,20.2,19.5,20.12,20.04,0.08,0.3992,730828.23,1458800.089,0.3766,0.76,13.4972,1.2243,2.5429,1940591.8198,1940575.4475,816063.5037,39044707.4144,39044378.0037
000001.SZ,20211026,20.06,20.45,19.86,20.05,20.12,-0.07,-0.3479,652806.84,1313475.882,0.3364,0.68,13.4502,1.22,2.5341,1940591.8198,1940575.4475,816063.5037,38908865.987,38908537.7224
000001.SZ,20211027,20.0,20.17,19.59,19.92,20.05,-0.13,-0.6484,687600.19,1365982.833,0.3543,0.72,13.363,1.2121,2.5177,1940591.8198,1940575.4475,816063.5037,38656589.0504,38656262.9142
000001.SZ,20211028,19.8,19.94,19.37,19.72,19.92,-0.2,-1.004,619010.89,1211946.109,0.319,0.64,13.2289,1.2,2.4924,1940591.8198,1940575.4475,816063.5037,38268470.6865,38268147.8247
000001.SZ,20211029,19.63,19.74,19.32,19.5,19.72,-0.22,-1.1156,539929.76,1052760.273,0.2782,0.71,13.0813,1.1866,2.4646,1940591.8198,1940575.4475,816063.5037,37841540.4861,37841221.2263
000001.SZ,20211101,19.33,19.73,19.01,19.39,19.5,-0.11,-0.5641,841490.2,1626762.029,0.4336,1.3,13.0075,1.1799,2.4507,1940591.8198,1940575.4475,816063.5037,37628075.3859,37627757.927
000001.SZ,20211102,19.37,19.49,17.99,18.18,19.39,-1.21,-6.2403,1997690.5,3691356.324,1.0294,2.99,12.1958,1.1063,2.2977,1940591.8198,1940575.4475,816063.5037,35279959.284,35279661.6356
000001.SZ,20211103,18.1,18.24,17.85,18.03,18.18,-0.15,-0.8251,1114972.04,2009325.065,0.5746,1.19,12.0952,1.0971,2.2788,1940591.8198,1940575.4475,816063.5037,34988870.511,34988575.3184
000001.SZ,20211104,18.08,18.1,17.8,17.87,18.03,-0.16,-0.8874,983410.98,1760671.898,0.5068,0.96,11.9878,1.0874,2.2586,1940591.8198,1940575.4475,816063.5037,34678375.8198,34678083.2468
000001.SZ,20211105,17.85,18.0,17.57,17.64,17.87,-0.23,-1.2871,1096039.88,1942415.605,0.5648,1.0,11.8335,1.0734,2.2295,1940591.8198,1940575.4475,816063.5037,34232039.7013,34231750.8939
000001.SZ,20211108,17.62,17.81,17.36,17.42,17.64,-0.22,-1.2472,1376814.82,2406417.771,0.7095,1.14,11.6859,1.06,2.2017,1940591.8198,1940575.4475,816063.5037,33805109.5009,33804824.2955
000001.SZ,20211109,17.48,17.65,17.26,17.53,17.42,0.11,0.6315,1240572.75,2163193.119,0.6393,0.94,11.7597,1.0667,2.2156,1940591.8198,1940575.4475,816063.5037,34018574.6011,34018287.5947
000001.SZ,20211110,17.46,17.47,17.16,17.4,17.53,-0.13,-0.7416,1220850.88,2109735.147,0.6291,1.05,11.6725,1.0588,2.1992,1940591.8198,1940575.4475,816063.5037,33766297.6645,33766012.7865
000001.SZ,20211111,17.35,18.43,17.32,18.35,17.4,0.95,5.4598,2084729.0,3752413.858,1.0743,1.76,12.3098,1.1166,2.3192,1940591.8198,1940575.4475,816063.5037,35609859.8933,35609559.4616
000001.SZ,20211112,18.31,18.63,18.11,18.27,18.35,-0.08,-0.436,957546.46,1753072.716,0.4934,0.68,12.2562,1.1117,2.3091,1940591.8198,1940575.4475,816063.5037,35454612.5477,35454313.4258
000001.SZ,20211115,18.35,18.63,18.2,18.43,18.27,0.16,0.8758,655089.99,1203764.095,0.3376,0.48,12.3635,1.1215,2.3293,1940591.8198,1940575.4475,816063.5037,35765107.2389,35764805.4974
000001.SZ,20211116,18.36,18.54,18.17,18.22,18.43,-0.21,-1.1394,601110.48,1099113.409,0.3098,0.49,12.2226,1.1087,2.3028,1940591.8198,1940575.4475,816063.5037,35357582.9568,35357284.6535
000001.SZ,20211117,18.15,18.3,17.98,18.11,18.22,-0.11,-0.6037,664640.38,1203859.18,0.3425,0.6,12.1488,1.102,2.2889,1940591.8198,1940575.4475,816063.5037,35144117.8566,35143821.3542
000001.SZ,20211118,18.09,18.12,17.73,17.8,18.11,-0.31,-1.7118,799843.77,1430058.311,0.4122,0.81,11.9409,1.0831,2.2497,1940591.8198,1940575.4475,816063.5037,34542534.3924,34542242.9655
000001.SZ,20211119,17.8,18.24,17.7,18.15,17.8,0.35,1.9663,786371.56,1414506.38,0.4052,1.07,12.1757,1.1044,2.2939,1940591.8198,1940575.4475,816063.5037,35221741.5294,35221444.3721
000001.SZ,20211122,18.03,18.25,17.9,18.12,18.15,-0.03,-0.1653,738617.8,1337768.172,0.3806,1.05,12.1555,1.1026,2.2902,1940591.8198,1940575.4475,816063.5037,35163523.7748,35163227.1087
000001.SZ,20211123,18.11,18.35,17.68,17.88,18.12,-0.24,-1.3245,1235977.96,2213817.59,0.6369,1.72,11.9945,1.088,2.2598,1940591.8198,1940575.4475,816063.5037,34697781.738,34697489.0013
000001.SZ,20211124,17.77,17.95,17.66,17.87,17.88,-0.01,-0.0559,741310.84,1316774.397,0.382,0.88,11.9878,1.0874,2.2586,1940591.8198,1940575.4475,816063.5037,34678375.8198,34678083.2468
000001.SZ,20211125,17.74,17.79,17.63,17.68,17.87,-0.19,-1.0632,603532.7,1068221.304,0.311,0.7,11.8604,1.0758,2.2345,1940591.8198,1940575.4475,816063.5037,34309663.3741,34309373.9118
000001.SZ,20211126,17.62,17.67,17.52,17.58,17.68,-0.1,-0.5656,694499.88,1219937.312,0.3579,0.85,11.7933,1.0697,2.2219,1940591.8198,1940575.4475,816063.5037,34115604.1921,34115316.3671
000001.SZ,20211129,17.41,17.57,17.36,17.51,17.58,-0.07,-0.3982,512594.71,895105.981,0.2641,0.64,11.7463,1.0655,2.2131,1940591.8198,1940575.4475,816063.5037,33979762.7647,33979476.0857
000001.SZ,20211130,17.54,17.68,17.35,17.44,17.51,-0.07,-0.3998,733616.06,1280384.552,0.378,0.97,11.6994,1.0612,2.2042,1940591.8198,1940575.4475,816063.5037,33843921.3373,33843635.8044
000001.SZ,20211201,17.43,17.77,17.37,17.64,17.44,0.2,1.1468,706925.19,1243666.842,0.3643,1.08,11.8335,1.0734,2.2295,1940591.8198,1940575.4475,816063.5037,34232039.7013,34231750.8939
000001.SZ,20211202,17.62,17.81,17.37,17.59,17.64,-0.05,-0.2834,994798.35,1749164.558,0.5126,1.53,11.8,1.0704,2.2232,1940591.8198,1940575.4475,816063.5037,34135010.1103,34134722.1215
000001.SZ,20211203,17.64,17.7,17.41,17.65,17.59,0.06,0.3411,707599.74,1242375.057,0.3646,0.97,11.8402,1.074,2.2308,1940591.8198,1940575.4475,816063.5037,34251445.6195,34251156.6484
000001.SZ,20211206,17.85,18.56,17.8,18.1,17.65,0.45,2.5496,2145625.28,3896385.171,1.1057,2.93,12.1421,1.1014,2.2876,1940591.8198,1940575.4475,816063.5037,35124711.9384,35124415.5998
000001.SZ,20211207,18.3,18.67,18.15,18.46,18.1,0.36,1.989,1616443.87,2979968.976,0.833,1.53,12.3836,1.1233,2.3331,1940591.8198,1940575.4475,816063.5037,35823324.9935,35823022.7609
000001.SZ,20211208,18.45,18.55,18.16,18.47,18.46,0.01,0.0542,980281.18,1798691.052,0.5051,0.79,12.3903,1.1239,2.3344,1940591.8198,1940575.4475,816063.5037,35842730.9117,35842428.5153
000001.SZ,20211209,18.49,19.06,18.37,18.7,18.47,0.23,1.2453,1455886.68,2726663.443,0.7502,1.13,12.5446,1.1379,2.3635,1940591.8198,1940575.4475,816063.5037,36289067.0303,36288760.8683
000001.SZ,20211210,18.51,18.7,18.27,18.38,18.7,-0.32,-1.7112,989255.13,1824076.523,0.5098,0.72,12.3299,1.1184,2.323,1940591.8198,1940575.4475,816063.5037,35668077.6479,35667776.7251
000001.SZ,20211213,18.47,18.88,18.18,18.27,18.38,-0.11,-0.5985,1314490.27,2427803.721,0.6774,0.91,12.2562,1.1117,2.3091,1940591.8198,1940575.4475,816063.5037,35454612.5477,35454313.4258
000001.SZ,20211214,18.16,18.17,17.52,17.58,18.27,-0.69,-3.7767,1937208.9,3434156.327,0.9983,1.52,11.7933,1.0697,2.2219,1940591.8198,1940575.4475,816063.5037,34115604.1921,34115316.3671
000001.SZ,20211215,17.51,17.66,17.4,17.55,17.58,-0.03,-0.1706,1294627.41,2269821.045,0.6671,0.97,11.7732,1.0679,2.2181,1940591.8198,1940575.4475,816063.5037,34057386.4375,34057099.1036
000001.SZ,20211216,17.55,17.73,17.46,17.72,17.55,0.17,0.9687,819479.51,1445483.375,0.4223,0.59,11.8872,1.0783,2.2396,1940591.8198,1940575.4475,816063.5037,34387287.0469,34386996.9297
000001.SZ,20211217,17.7,17.75,17.57,17.57,17.72,-0.15,-0.8465,602369.67,1062875.482,0.3104,0.47,11.7866,1.0691,2.2206,1940591.8198,1940575.4475,816063.5037,34096198.2739,34095910.6126
000001.SZ,20211220,17.56,17.65,17.45,17.52,17.57,-0.05,-0.2846,746435.2,1309029.268,0.3846,0.63,11.753,1.0661,2.2143,1940591.8198,1940575.4475,816063.5037,33999168.6829,33998881.8402
000001.SZ,20211221,17.49,17.71,17.48,17.59,17.52,0.07,0.3995,893734.04,1572895.581,0.4606,0.83,11.8,1.0704,2.2232,1940591.8198,1940575.4475,816063.5037,34135010.1103,34134722.1215
000001.SZ,20211222,17.62,17.64,17.3,17.39,17.59,-0.2,-1.137,976927.75,1701772.583,0.5034,1.12,11.6658,1.0582,2.1979,1940591.8198,1940575.4475,816063.5037,33746891.7463,33746607.032
000001.SZ,20211223,17.4,17.43,17.21,17.32,17.39,-0.07,-0.4025,1059575.94,1831122.716,0.546,1.31,11.6189,1.0539,2.189,1940591.8198,1940575.4475,816063.5037,33611050.3189,33610766.7507
000001.SZ,20211224,17.33,17.35,17.21,17.31,17.32,-0.01,-0.0577,488251.49,843109.664,0.2516,0.57,11.6122,1.0533,2.1878,1940591.8198,1940575.4475,816063.5037,33591644.4007,33591360.9962
000001.SZ,20211227,17.33,17.35,17.16,17.22,17.31,-0.09,-0.5199,731118.99,1260455.319,0.3768,0.88,11.5518,1.0478,2.1764,1940591.8198,1940575.4475,816063.5037,33416991.137,33416709.206
000001.SZ,20211228,17.22,17.33,17.09,17.17,17.22,-0.05,-0.2904,1126638.91,1934461.075,0.5806,1.36,11.5182,1.0448,2.1701,1940591.8198,1940575.4475,816063.5037,33319961.546,33319680.4336
000001.SZ,20211229,17.16,17.16,16.7,16.75,17.17,-0.42,-2.4461,1469373.98,2480534.592,0.7572,1.68,11.2365,1.0192,2.117,1940591.8198,1940575.4475,816063.5037,32504912.9817,32504638.7456
000001.SZ,20211230,16.76,16.95,16.72,16.82,16.75,0.07,0.4179,796663.6,1342374.249,0.4105,0.82,11.2834,1.0235,2.1259,1940591.8198,1940575.4475,816063.5037,32640754.409,32640479.027
000001.SZ,20211231,16.86,16.9,16.4,16.48,16.82,-0.34,-2.0214,1750760.89,2899617.148,0.9022,1.9,11.0554,1.0028,2.0829,1940591.8198,1940575.4475,816063.5037,31980953.1903,31980683.3748
000001.SZ,20220104,16.48,16.66,16.18,16.66,16.48,0.18,1.0922,1169259.33,1918887.05,0.6025,1.0,11.1761,1.0138,2.1056,1940591.8198,1940575.4475,816063.5037,32330259.7179,32329986.9554
000001.SZ,20220105,16.58,17.22,16.55,17.15,16.66,0.49,2.9412,1961998.17,3344124.589,1.011,1.55,11.5048,1.0436,2.1676,1940591.8198,1940575.4475,816063.5037,33281149.7096,33280868.9246
000001.SZ,20220106,17.11,17.27,17.0,17.12,17.15,-0.03,-0.1749,1107885.19,1896535.837,0.5709,0.77,11.4847,1.0418,2.1638,1940591.8198,1940575.4475,816063.5037,33222931.955,33222651.6612
000001.SZ,20220107,17.1,17.28,17.06,17.2,17.12,0.08,0.4673,1126630.7,1937710.958,0.5806,0.83,11.5384,1.0466,2.1739,1940591.8198,1940575.4475,816063.5037,33378179.3006,33377897.697
000001.SZ,20220110,17.29,17.42,17.03,17.19,17.2,-0.01,-0.0581,909774.01,1563414.572,0.4688,0.64,11.5317,1.046,2.1726,1940591.8198,1940575.4475,816063.5037,33358773.3824,33358491.9425
000001.SZ,20220111,17.26,17.54,17.14,17.41,17.19,0.22,1.2798,1581999.4,2752485.391,0.8152,1.26,11.6792,1.0594,2.2004,1940591.8198,1940575.4475,816063.5037,33785703.5827,33785418.541
000001.SZ,20220112,17.41,17.45,16.9,17.0,17.41,-0.41,-2.355,1502163.55,2561266.412,0.7741,1.12,11.4042,1.0345,2.1486,1940591.8198,1940575.4475,816063.5037,32990060.9366,32989782.6075
000001.SZ,20220113,16.91,17.24,16.82,16.98,17.0,-0.02,-0.1176,909422.65,1550319.158,0.4686,0.73,11.3908,1.0332,2.1461,1940591.8198,1940575.4475,816063.5037,32951249.1002,32950971.0986
000001.SZ,20220114,17.0,17.02,16.3,16.33,16.98,-0.65,-3.828,2103094.91,3459950.804,1.0837,1.74,10.9547,0.9736,2.0639,1940591.8198,1940575.4475,816063.5037,31689864.4173,31689597.0577
000001.SZ,20220117,16.35,16.48,16.12,16.22,16.33,-0.11,-0.6736,1143689.43,1855633.789,0.5894,0.82,10.8809,0.967,2.05,1940591.8198,1940575.4475,816063.5037,31476399.3172,31476133.7585
000001.SZ,20220118,16.25,16.54,16.16,16.52,16.22,0.3,1.8496,1152974.31,1891094.61,0.5941,0.8,11.0822,0.9849,2.0879,1940591.8198,1940575.4475,816063.5037,32058576.8631,32058306.3927
000001.SZ,20220119,16.54,16.69,16.36,16.5,16.52,-0.02,-0.1211,988391.85,1630973.587,0.5093,0.73,11.0688,0.9837,2.0854,1940591.8198,1940575.4475,816063.5037,32019765.0267,32019494.8838
000001.SZ,20220120,16.47,17.46,16.42,17.33,16.5,0.83,5.0303,3031193.77,5195805.549,1.562,2.41,11.6256,1.0332,2.1903,1940591.8198,1940575.4475,816063.5037,33630456.2371,33630172.5052
000001.SZ,20220121,17.45,17.56,17.21,17.35,17.33,0.02,0.1154,1481682.95,2575115.124,0.7635,0.88,11.639,1.0344,2.1928,1940591.8198,1940575.4475,816063.5037,33669268.0735,33668984.0141
000001.SZ,20220124,17.34,17.38,16.98,17.2,17.35,-0.15,-0.8646,874770.87,1501390.339,0.4508,0.56,11.5384,1.0254,2.1739,1940591.8198,1940575.4475,816063.5037,33378179.3006,33377897.697
000001.SZ,20220125,17.08,17.08,16.81,16.85,17.2,-0.35,-2.0349,1093283.97,1851999.025,0.5634,0.73,11.3036,1.0046,2.1296,1940591.8198,1940575.4475,816063.5037,32698972.1636,32698696.2904
000001.SZ,20220126,16.95,17.1,16.54,16.65,16.85,-0.2,-1.1869,984975.22,1646384.984,0.5076,0.66,11.1694,0.9926,2.1044,1940591.8198,1940575.4475,816063.5037,32310853.7997,32310581.2009
000001.SZ,20220127,16.5,16.54,16.25,16.3,16.65,-0.35,-2.1021,1024643.11,1677261.296,0.528,0.69,10.9346,0.9718,2.0601,1940591.8198,1940575.4475,816063.5037,31631646.6627,31631379.7943
000001.SZ,20220128,16.39,16.45,15.82,15.83,16.3,-0.47,-2.8834,1675563.67,2695470.33,0.8634,1.53,10.6193,0.9438,2.0007,1940591.8198,1940575.4475,816063.5037,30719568.5074,30719309.3339
000001.SZ,20220207,16.02,16.41,15.89,16.39,15.83,0.56,3.5376,1515476.3,2451798.485,0.7809,1.34,10.995,0.9771,2.0715,1940591.8198,1940575.4475,816063.5037,31806299.9265,31806031.5845
000001.SZ,20220208,16.3,16.97,16.26,16.83,16.39,0.44,2.6846,1754695.28,2950309.012,0.9042,1.39,11.2902,1.0034,2.1271,1940591.8198,1940575.4475,816063.5037,32660160.3272,32659884.7814
000001.SZ,20220209,16.92,17.0,16.71,16.86,16.83,0.03,0.1783,1051161.66,1774253.636,0.5417,0.76,11.3103,1.0052,2.1309,1940591.8198,1940575.4475,816063.5037,32718378.0818,32718102.0449
000001.SZ,20220210,16.77,17.03,16.67,16.99,16.86,0.13,0.7711,784557.35,1326848.947,0.4043,0.56,11.3975,1.0129,2.1473,1940591.8198,1940575.4475,816063.5037,32970655.0184,32970376.853
000001.SZ,20220211,17.03,17.34,17.03,17.1,16.99,0.11,0.6474,1078139.14,1852167.493,0.5556,0.79,11.4713,1.0195,2.1612,1940591.8198,1940575.4475,816063.5037,33184120.1186,33183840.1523
000001.SZ,20220214,17.1,17.15,16.51,16.58,17.1,-0.52,-3.0409,1150658.51,1917613.419,0.5929,0.93,11.1224,0.9885,2.0955,1940591.8198,1940575.4475,816063.5037,32175012.3723,32174740.9196
000001.SZ,20220215,16.5,16.67,16.1,16.28,16.58,-0.3,-1.8094,1208264.37,1968985.378,0.6226,1.04,10.9212,0.9706,2.0576,1940591.8198,1940575.4475,816063.5037,31592834.8263,31592568.2853
000001.SZ,20220216,16.35,16.53,16.21,16.41,16.28,0.13,0.7985,782399.59,1282234.15,0.4032,0.74,11.0084,0.9783,2.074,1940591.8198,1940575.4475,816063.5037,31845111.7629,31844843.0935
000001.SZ,20220217,16.39,16.55,16.32,16.42,16.41,0.01,0.0609,794501.84,1306514.349,0.4094,0.79,11.0151,0.9789,2.0753,1940591.8198,1940575.4475,816063.5037,31864517.6811,31864248.848
000001.SZ,20220218,16.32,16.77,16.31,16.77,16.42,0.35,2.1315,802499.4,1330233.365,0.4135,0.8,11.2499,0.9998,2.1195,1940591.8198,1940575.4475,816063.5037,32543724.818,32543450.2546
000001.SZ,20220221,16.66,16.67,16.32,16.51,16.77,-0.26,-1.5504,800994.55,1316023.718,0.4128,0.85,11.0755,0.9843,2.0867,1940591.8198,1940575.4475,816063.5037,32039170.9449,32038900.6382
000001.SZ,20220222,16.31,16.44,16.16,16.23,16.51,-0.28,-1.6959,894956.73,1454156.224,0.4612,1.02,10.8877,0.9676,2.0513,1940591.8198,1940575.4475,816063.5037,31495805.2354,31495539.5129
000001.SZ,20220223,16.3,16.31,16.04,16.19,16.23,-0.04,-0.2465,886742.44,1431289.852,0.4569,1.09,10.8608,0.9652,2.0462,1940591.8198,1940575.4475,816063.5037,31418181.5626,31417916.495
000001.SZ,20220224,16.13,16.15,15.8,15.91,16.19,-0.28,-1.7295,1324086.85,2112842.553,0.6823,1.58,10.673,0.9485,2.0108,1940591.8198,1940575.4475,816063.5037,30874815.853,30874555.3697
000001.SZ,20220225,15.99,16.08,15.87,15.9,15.91,-0.01,-0.0629,726397.07,1157890.268,0.3743,0.77,10.6663,0.9479,2.0096,1940591.8198,1940575.4475,816063.5037,30855409.9348,30855149.6153
000001.SZ,20220228,15.9,15.92,15.62,15.75,15.9,-0.15,-0.9434,723990.45,1137154.094,0.3731,0.78,10.5657,0.939,1.9906,1940591.8198,1940575.4475,816063.5037,30564321.1619,30564063.2981
000001.SZ,20220301,15.79,15.95,15.62,15.92,15.75,0.17,1.0794,935040.34,1474693.965,0.4818,1.03,10.6797,0.9491,2.0121,1940591.8198,1940575.4475,816063.5037,30894221.7712,30893961.1242
000001.SZ,20220302,15.79,15.87,15.66,15.68,15.92,-0.24,-1.5075,760760.86,1196321.948,0.392,0.83,10.5187,0.9348,1.9818,1940591.8198,1940575.4475,816063.5037,30428479.7345,30428223.0168
000001.SZ,20220303,15.73,15.81,15.63,15.71,15.68,0.03,0.1913,578285.05,908171.588,0.298,0.65,10.5388,0.9366,1.9856,1940591.8198,1940575.4475,816063.5037,30486697.4891,30486440.2802
000001.SZ,20220304,15.62,15.63,15.28,15.33,15.71,-0.38,-2.4188,990935.66,1523793.664,0.5106,1.33,10.2839,0.9139,1.9375,1940591.8198,1940575.4475,816063.5037,29749272.5975,29749021.6102
000001.SZ,20220307,15.17,15.17,14.66,14.72,15.33,-0.61,-3.9791,1113158.99,1655959.941,0.5736,1.4,9.8747,0.8776,1.8604,1940591.8198,1940575.4475,860111.3751,28565511.5875,28565270.5872
000001.SZ,20220308,14.62,14.86,14.25,14.31,14.72,-0.41,-2.7853,1003032.69,1463145.93,0.5169,1.15,9.5997,0.8531,1.8086,1940591.8198,1940575.4475,860111.3751,27769868.9413,27769634.6537
000001.SZ,20220309,14.4,14.45,13.22,13.84,14.31,-0.47,-3.2844,1800760.17,2492042.993,0.928,2.03,9.2844,0.8251,1.7492,1940591.8198,1940575.4475,860111.3751,26857790.786,26857564.1934
000001.SZ,20220310,14.18,14.75,14.09,14.57,13.84,0.73,5.2746,2249158.16,3269867.788,1.159,2.05,7.7814,0.8686,1.6693,1940591.8198,1940552.195,860088.1226,28274422.8145,28273845.4812
000001.SZ,20220311,14.4,14.98,14.15,14.9,14.57,0.33,2.2649,1493646.97,2187480.61,0.7697,1.04,7.9576,0.8883,1.7071,1940591.8198,1940552.195,860088.1226,28914818.115,28914227.7055
000001.SZ,20220314,14.63,14.93,14.45,14.49,14.9,-0.41,-2.7517,1118407.34,1637278.471,0.5763,0.73,7.7387,0.8639,1.6601,1940591.8198,1940552.195,860088.1226,28119175.4689,28118601.3056
000001.SZ,20220315,14.4,14.4,13.6,13.68,14.49,-0.81,-5.5901,1781408.87,2479769.555,0.918,1.16,7.3061,0.8156,1.5673,1940591.8198,1940552.195,860088.1226,26547296.0949,26546754.0276
000001.SZ,20220316,13.86,14.4,13.51,14.31,13.68,0.63,4.6053,1531779.06,2141637.065,0.7894,0.91,7.6425,0.8531,1.6395,1940591.8198,1940552.195,860088.1226,27769868.9413,27769301.9105
000001.SZ,20220317,14.66,14.71,14.24,14.45,14.31,0.14,0.9783,1730061.42,2506504.217,0.8915,1.06,7.7173,0.8615,1.6555,1940591.8198,1940552.195,860088.1226,28041551.7961,28040979.2178
000001.SZ,20220318,14.36,14.85,14.14,14.7,14.45,0.25,1.7301,1528807.13,2222158.762,0.7878,1.0,7.8508,0.8764,1.6842,1940591.8198,1940552.195,860088.1226,28526699.7511,28526117.2665
000001.SZ,20220321,14.5,14.82,14.39,14.59,14.7,-0.11,-0.7483,1208868.05,1765673.892,0.623,0.79,7.7921,0.8698,1.6716,1940591.8198,1940552.195,860088.1226,28313234.6509,28312656.5251
000001.SZ,20220322,14.59,15.22,14.5,15.18,14.59,0.59,4.0439,1628656.58,2443174.055,0.8393,1.05,8.1072,0.905,1.7391,1940591.8198,1940552.195,860088.1226,29458183.8246,29457582.3201
000001.SZ,20220323,15.11,15.19,14.9,15.0,15.18,-0.18,-1.1858,1050102.38,1577561.341,0.5411,0.69,8.011,0.8943,1.7185,1940591.8198,1940552.195,860088.1226,29108877.297,29108282.925
000001.SZ,20220324,14.92,15.31,14.81,15.2,15.0,0.2,1.3333,1002359.95,1518870.08,0.5165,0.7,8.1178,0.9062,1.7414,1940591.8198,1940552.195,860088.1226,29496995.661,29496393.364
000001.SZ,20220325,15.15,15.25,14.82,14.98,15.2,-0.22,-1.4474,742933.35,1116354.595,0.3828,0.58,8.0003,0.8931,1.7162,1940591.8198,1940552.195,860088.1226,29070065.4606,29069471.8811
000001.SZ,20220328,14.8,15.05,14.63,14.85,14.98,-0.13,-0.8678,727136.99,1078327.302,0.3747,0.65,7.9309,0.8853,1.7013,1940591.8198,1940552.195,860088.1226,28817788.524,28817200.0958
000001.SZ,20220329,14.88,14.95,14.6,14.68,14.85,-0.17,-1.1448,615643.15,909169.631,0.3173,0.6,7.8401,0.8752,1.6819,1940591.8198,1940552.195,860088.1226,28487887.9147,28487306.2226
000001.SZ,20220330,14.86,15.27,14.76,15.21,14.68,0.53,3.6104,1236791.55,1859617.04,0.6373,1.49,8.1232,0.9068,1.7426,1940591.8198,1940552.195,860088.1226,29516401.5792,29515798.886
000001.SZ,20220331,15.1,15.57,15.06,15.38,15.21,0.17,1.1177,1163746.74,1789209.946,0.5997,1.35,8.214,0.9169,1.7621,1940591.8198,1940552.195,860088.1226,29846302.1885,29845692.7591
000001.SZ,20220401,15.37,15.79,15.2,15.75,15.38,0.37,2.4057,1484878.74,2319616.863,0.7652,1.65,8.4116,0.939,1.8045,1940591.8198,1940552.195,860088.1226,30564321.1619,30563697.0713
000001.SZ,20220406,15.64,16.54,15.63,16.39,15.75,0.64,4.0635,2488540.05,4064051.491,1.2824,2.38,8.7534,0.9771,1.8778,1940591.8198,1940552.195,860088.1226,31806299.9265,31805650.4761
000001.SZ,20220407,16.38,16.66,16.2,16.28,16.39,-0.11,-0.6711,1659064.55,2724002.904,0.8549,1.19,8.6946,0.9706,1.8652,1940591.8198,1940552.195,860088.1226,31592834.8263,31592189.7346
000001.SZ,20220408,16.26,16.45,16.13,16.4,16.28,0.12,0.7371,1066779.46,1741072.072,0.5497,0.66,8.7587,0.9777,1.8789,1940591.8198,1940552.195,860088.1226,31825705.8447,31825055.998
000001.SZ,20220411,16.35,16.4,15.8,16.05,16.4,-0.35,-2.1341,1416735.36,2277469.055,0.7301,0.9,8.5718,0.9569,1.8388,1940591.8198,1940552.195,860088.1226,31146498.7078,31145862.7298
000001.SZ,20220412,16.05,16.26,15.66,15.92,16.05,-0.13,-0.81,1039261.42,1654820.082,0.5355,0.64,8.5024,0.9491,1.8239,1940591.8198,1940552.195,860088.1226,30894221.7712,30893590.9444
000001.SZ,20220413,15.89,16.08,15.72,15.8,15.92,-0.12,-0.7538,890628.06,1415496.125,0.459,0.58,8.4383,0.942,1.8102,1940591.8198,1940552.195,860088.1226,30661350.7528,30660724.681
000001.SZ,20220414,16.0,16.25,15.92,16.04,15.8,0.24,1.519,929614.94,1493343.952,0.479,0.77,8.5665,0.9563,1.8377,1940591.8198,1940552.195,860088.1226,31127092.7896,31126457.2078
000001.SZ,20220415,15.9,16.53,15.86,16.42,16.04,0.38,2.3691,1231761.03,2014010.094,0.6347,1.15,8.7694,0.9789,1.8812,1940591.8198,1940552.195,860088.1226,31864517.6811,31863867.0419
000001.SZ,20220418,16.15,16.2,15.81,15.9,16.42,-0.52,-3.1669,1086887.56,1734236.523,0.5601,0.99,8.4917,0.9479,1.8216,1940591.8198,1940552.195,860088.1226,30855409.9348,30854779.9005
000001.SZ,20220419,15.9,15.97,15.62,15.81,15.9,-0.09,-0.566,821772.49,1294226.951,0.4235,0.79,8.4436,0.9426,1.8113,1940591.8198,1940552.195,860088.1226,30680756.671,30680130.203
000001.SZ,20220420,15.81,16.05,15.7,15.85,15.81,0.04,0.253,716555.28,1137697.846,0.3693,0.72,8.465,0.9449,1.8159,1940591.8198,1940552.195,860088.1226,30758380.3438,30757752.2908
000001.SZ,20220421,15.77,15.98,15.7,15.81,15.85,-0.04,-0.2524,709891.16,1124663.651,0.3658,0.74,8.4436,0.9426,1.8113,1940591.8198,1940552.195,860088.1226,30680756.671,30680130.203
000001.SZ,20220422,15.64,16.19,15.4,16.06,15.81,0.25,1.5813,921274.08,1468452.957,0.4747,1.01,8.5771,0.9575,1.84,1940591.8198,1940552.195,860088.1226,31165904.626,31165268.2517
000001.SZ,20220425,15.67,15.91,14.78,14.85,16.06,-1.21,-7.5342,1664480.98,2527610.217,0.8577,1.96,7.9309,0.8853,1.7013,1940591.8198,1940552.195,860088.1226,28817788.524,28817200.0958
000001.SZ,20220426,14.88,14.98,14.45,14.73,14.85,-0.12,-0.8081,988209.56,1456929.632,0.5092,1.02,7.8668,0.8782,1.6876,1940591.8198,1940552.195,860088.1226,28584917.5057,28584333.8324
000001.SZ,20220427,14.98,15.65,14.96,15.65,14.73,0.92,6.2458,1490295.03,2296798.759,0.768,1.49,8.3582,0.9033,1.793,1940591.8198,1940552.195,860088.1226,30370261.9799,30369641.8518
000001.SZ,20220428,15.57,15.93,15.37,15.65,15.65,0.0,0.0,911771.87,1426381.925,0.4699,0.79,8.3582,0.9033,1.793,1940591.8198,1940552.195,860088.1226,30370261.9799,30369641.8518
000001.SZ,20220429,15.69,15.74,14.97,15.32,15.65,-0.33,-2.1086,1645013.08,2503476.827,0.8477,1.38,8.1819,0.8842,1.7552,1940591.8198,1940552.195,860088.1226,29729866.6793,29729259.6274
000001.SZ,20220505,15.2,15.45,15.15,15.32,15.32,0.0,0.0,790196.2,1208735.141,0.4072,0.59,8.1819,0.8842,1.7552,1940591.8198,1940552.195,860088.1226,29729866.6793,29729259.6274
000001.SZ,20220506,15.02,15.2,14.91,14.96,15.32,-0.36,-2.3499,832431.82,1250995.594,0.429,0.71,7.9897,0.8634,1.7139,1940591.8198,1940552.195,860088.1226,29031253.6242,29030660.8372
000001.SZ,20220509,14.94,14.94,14.46,14.55,14.96,-0.41,-2.7406,818621.35,1197104.247,0.4218,0.72,7.7707,0.8398,1.667,1940591.8198,1940552.195,860088.1226,28235610.9781,28235034.4373
000001.SZ,20220510,14.5,14.6,14.11,14.59,14.55,0.04,0.2749,992285.02,1425836.927,0.5113,0.99,7.7921,0.8421,1.6716,1940591.8198,1940552.195,860088.1226,28313234.6509,28312656.5251
000001.SZ,20220511,14.54,14.84,14.44,14.63,14.59,0.04,0.2742,848573.62,1240700.426,0.4373,0.84,7.8134,0.8444,1.6761,1940591.8198,1940552.195,860088.1226,28390858.3237,28390278.6129
000001.SZ,20220512,14.48,14.56,14.33,14.38,14.63,-0.25,-1.7088,685064.23,987061.607,0.353,0.8,7.6799,0.83,1.6475,1940591.8198,1940552.195,860088.1226,27905710.3687,27905140.5641
000001.SZ,20220513,14.5,14.66,14.49,14.61,14.38,0.23,1.5994,676311.91,985962.932,0.3485,0.81,7.8027,0.8432,1.6738,1940591.8198,1940552.195,860088.1226,28352046.4873,28351467.569
000001.SZ,20220516,14.66,14.73,14.35,14.41,14.61,-0.2,-1.3689,668227.82,965652.298,0.3443,0.83,7.6959,0.8317,1.6509,1940591.8198,1940552.195,860088.1226,27963928.1233,27963357.13
000001.SZ,20220517,14.51,14.72,14.32,14.71,14.41,0.3,2.0819,931406.39,1357428.407,0.48,1.2,7.8561,0.849,1.6853,1940591.8198,1940552.195,860088.1226,28546105.6693,28545522.7885
000001.SZ,20220518,14.85,14.89,14.67,14.75,14.71,0.04,0.2719,778578.33,1150500.438,0.4012,1.02,7.8775,0.8513,1.6899,1940591.8198,1940552.195,860088.1226,28623729.3421,28623144.8763
000001.SZ,20220519,14.55,14.7,14.5,14.62,14.75,-0.13,-0.8814,590921.72,863214.131,0.3045,0.79,7.8081,0.8438,1.675,1940591.8198,1940552.195,860088.1226,28371452.4055,28370873.0909
000001.SZ,20220520,14.7,15.04,14.67,15.02,14.62,0.4,2.736,948597.78,1415164.711,0.4888,1.3,8.0217,0.8669,1.7208,1940591.8198,1940552.195,860088.1226,29147689.1334,29147093.9689
000001.SZ,20220523,15.07,15.07,14.76,14.83,15.02,-0.19,-1.265,647725.92,962683.729,0.3338,0.83,7.9202,0.8559,1.699,1940591.8198,1940552.195,860088.1226,28778976.6876,28778389.0519
000001.SZ,20220524,14.87,14.87,14.4,14.4,14.83,-0.43,-2.8995,933557.06,1358693.535,0.4811,1.2,7.6906,0.8311,1.6498,1940591.8198,1940552.195,860088.1226,27944522.2051,27943951.608
000001.SZ,20220525,14.43,14.49,14.3,14.39,14.4,-0.01,-0.0694,603228.26,866228.924,0.3109,0.77,7.6852,0.8305,1.6486,1940591.8198,1940552.195,860088.1226,27925116.2869,27924546.0861
000001.SZ,20220526,14.41,14.43,14.07,14.19,14.39,-0.2,-1.3899,1011317.56,1435689.342,0.5211,1.36,7.5784,0.819,1.6257,1940591.8198,1940552.195,860088.1226,27536997.923,27536435.6471
000001.SZ,20220527,14.29,14.35,14.11,14.18,14.19,-0.01,-0.0705,723066.74,1029702.186,0.3726,0.87,7.5731,0.8184,1.6246,1940591.8198,1940552.195,860088.1226,27517592.0048,27517030.1251
000001.SZ,20220530,14.26,14.28,14.04,14.08,14.18,-0.1,-0.7052,896901.23,1265573.048,0.4622,1.14,7.5197,0.8126,1.6131,1940591.8198,1940552.195,860088.1226,27323532.8228,27322974.9056
000001.SZ,20220531,14.07,14.18,14.0,14.16,14.08,0.08,0.5682,938868.55,1325012.048,0.4838,1.13,7.5624,0.8173,1.6223,1940591.8198,1940552.195,860088.1226,27478780.1684,27478219.0812
000001.SZ,20220601,14.14,14.14,14.0,14.08,14.16,-0.08,-0.565,845298.98,1187423.732,0.4356,1.01,7.5197,0.8126,1.6131,1940591.8198,1940552.195,860088.1226,27323532.8228,27322974.9056
000001.SZ,20220602,14.02,14.03,13.88,13.95,14.08,-0.13,-0.9233,979268.22,1363740.798,0.5046,1.11,7.4503,0.8051,1.5982,1940591.8198,1940552.195,860088.1226,27071255.8862,27070703.1203
000001.SZ,20220606,13.91,14.17,13.64,14.17,13.95,0.22,1.5771,1710851.75,2370807.61,0.8816,1.95,7.5678,0.8178,1.6234,1940591.8198,1940552.195,860088.1226,27498186.0866,27497624.6032
000001.SZ,20220607,14.02,14.25,13.99,14.16,14.17,-0.01,-0.0706,1315112.62,1860366.716,0.6777,1.22,7.5624,0.8173,1.6223,1940591.8198,1940552.195,860088.1226,27478780.1684,27478219.0812
000001.SZ,20220608,14.16,14.17,14.01,14.16,14.16,0.0,0.0,1145521.24,1613524.958,0.5903,0.99,7.5624,0.8173,1.6223,1940591.8198,1940552.195,860088.1226,27478780.1684,27478219.0812
000001.SZ,20220609,14.14,14.46,14.1,14.35,14.16,0.19,1.3418,1632901.34,2339986.708,0.8415,1.36,7.6639,0.8282,1.6441,1940591.8198,1940552.195,860088.1226,27847492.6141,27846923.9983
000001.SZ,20220610,14.26,14.33,14.13,14.32,14.35,-0.03,-0.2091,1346012.31,1914639.698,0.6936,0.99,7.6479,0.8265,1.6406,1940591.8198,1940552.195,860088.1226,27789274.8595,27788707.4324
000001.SZ,20220613,14.18,14.19,13.88,13.91,14.32,-0.41,-2.8631,1547752.85,2163340.109,0.7976,1.08,7.4289,0.8028,1.5936,1940591.8198,1940552.195,860088.1226,26993632.2134,26993081.0325
000001.SZ,20220614,13.71,14.13,13.71,14.12,13.91,0.21,1.5097,1151429.39,1602169.898,0.5934,0.82,7.541,0.815,1.6177,1940591.8198,1940552.195,860088.1226,27401156.4956,27400596.9934
000001.SZ,20220615,14.1,15.11,14.06,14.74,14.12,0.62,4.3909,3413543.71,5010292.727,1.7591,2.5,7.8722,0.8507,1.6887,1940591.8198,1940552.195,860088.1226,28604323.4239,28603739.3543
000001.SZ,20220616,14.74,14.83,14.42,14.44,14.74,-0.3,-2.0353,1332546.31,1939976.255,0.6867,0.73,7.712,0.8334,1.6544,1940591.8198,1940552.195,860088.1226,28022145.8779,28021573.6958
000001.SZ,20220617,14.32,14.53,14.2,14.45,14.44,0.01,0.0693,1053787.94,1513925.914,0.543,0.6,7.7173,0.834,1.6555,1940591.8198,1940552.195,860088.1226,28041551.7961,28040979.2178
000001.SZ,20220620,14.44,14.44,14.26,14.34,14.45,-0.11,-0.7612,1032166.8,1479529.787,0.5319,0.61,7.6585,0.8276,1.6429,1940591.8198,1940552.195,860088.1226,27828086.6959,27827518.4763
000001.SZ,20220621,14.34,14.63,14.23,14.37,14.34,0.03,0.2092,1321793.98,1905346.057,0.6811,0.83,7.6746,0.8294,1.6463,1940591.8198,1940552.195,860088.1226,27886304.4505,27885735.0422
000001.SZ,20220622,14.36,14.36,14.08,14.08,14.37,-0.29,-2.0181,1056045.92,1498415.784,0.5442,0.65,7.5197,0.8126,1.6131,1940591.8198,1940552.195,860088.1226,27323532.8228,27322974.9056
000001.SZ,20220623,14.09,14.23,14.06,14.2,14.08,0.12,0.8523,806028.03,1140899.092,0.4154,0.7,7.5838,0.8196,1.6269,1940591.8198,1940552.195,860088.1226,27556403.8412,27555841.169
000001.SZ,20220624,14.2,14.25,14.11,14.23,14.2,0.03,0.2113,866040.61,1227798.687,0.4463,0.82,7.5998,0.8213,1.6303,1940591.8198,1940552.195,860088.1226,27614621.5958,27614057.7349
000001.SZ,20220627,14.24,14.56,14.22,14.49,14.23,0.26,1.8271,1497278.18,2166380.438,0.7716,1.47,7.7387,0.8363,1.6601,1940591.8198,1940552.195,860088.1226,28119175.4689,28118601.3056
000001.SZ,20220628,14.47,14.67,14.41,14.63,14.49,0.14,0.9662,1125110.48,1638673.242,0.5798,1.01,7.8134,0.8444,1.6761,1940591.8198,1940552.195,860088.1226,28390858.3237,28390278.6129
000001.SZ,20220629,14.65,14.9,14.55,14.64,14.63,0.01,0.0684,1266547.28,1865064.678,0.6527,1.18,7.8188,0.845,1.6773,1940591.8198,1940552.195,860088.1226,28410264.2419,28409684.1348
000001.SZ,20220630,14.63,15.02,14.55,14.98,14.64,0.34,2.3224,1548745.01,2304888.692,0.7981,1.39,8.0003,0.8646,1.7162,1940591.8198,1940552.195,860088.1226,29070065.4606,29069471.8811
000001.SZ,20220701,15.0,15.07,14.84,14.92,14.98,-0.06,-0.4005,779243.32,1164030.776,0.4016,0.62,7.9683,0.8611,1.7094,1940591.8198,1940552.195,860088.1226,28953629.9514,28953038.7494
000001.SZ,20220704,14.95,14.98,14.75,14.94,14.92,0.02,0.134,834968.07,1241453.402,0.4303,0.67,7.979,0.8623,1.7117,1940591.8198,1940552.195,860088.1226,28992441.7878,28991849.7933
000001.SZ,20220705,14.99,15.27,14.82,14.91,14.94,-0.03,-0.2008,1115172.1,1674719.025,0.5747,1.0,7.963,0.8605,1.7082,1940591.8198,1940552.195,860088.1226,28934224.0332,28933633.2275
000001.SZ,20220706,14.83,14.93,14.46,14.53,14.91,-0.38,-2.5486,1043335.23,1520022.515,0.5376,0.94,7.76,0.8386,1.6647,1940591.8198,1940552.195,860088.1226,28196799.1417,28196223.3934
000001.SZ,20220707,14.54,14.65,14.38,14.42,14.53,-0.11,-0.7571,730160.98,1057696.547,0.3763,0.69,7.7013,0.8323,1.6521,1940591.8198,1940552.195,860088.1226,27983334.0415,27982762.6519
000001.SZ,20220708,14.5,14.65,14.37,14.54,14.42,0.12,0.8322,639698.23,928850.349,0.3296,0.71,7.7654,0.8392,1.6658,1940591.8198,1940552.195,860088.1226,28216205.0599,28215628.9153
000001.SZ,20220711,14.5,14.57,14.36,14.46,14.54,-0.08,-0.5502,611691.94,883613.754,0.3152,0.7,7.7226,0.8346,1.6567,1940591.8198,1940552.195,860088.1226,28060957.7143,28060384.7397
000001.SZ,20220712,14.41,14.73,14.38,14.42,14.46,-0.04,-0.2766,742882.42,1078431.99,0.3828,0.9,7.7013,0.8323,1.6521,1940591.8198,1940552.195,860088.1226,27983334.0415,27982762.6519
000001.SZ,20220713,14.42,14.47,13.89,13.97,14.42,-0.45,-3.1207,2175996.06,3056913.118,1.1213,2.89,7.4609,0.8063,1.6005,1940591.8198,1940552.195,860088.1226,27110067.7226,27109514.1642
000001.SZ,20220714,13.7,13.71,13.29,13.37,13.97,-0.6,-4.2949,2632120.87,3534578.702,1.3564,2.69,7.1405,0.7717,1.5318,1940591.8198,1940552.195,860088.1226,25945712.6307,25945182.8472
000001.SZ,20220715,13.48,13.56,13.22,13.24,13.37,-0.13,-0.9723,1598637.4,2139915.274,0.8238,1.18,7.0711,0.7642,1.5169,1940591.8198,1940552.195,860088.1226,25693435.6942,25692911.0618
000001.SZ,20220718,13.25,13.44,13.21,13.39,13.24,0.15,1.1329,1153505.81,1536340.973,0.5944,0.74,7.1512,0.7728,1.5341,1940591.8198,1940552.195,860088.1226,25984524.4671,25983993.8911
000001.SZ,20220719,13.34,13.43,13.28,13.42,13.39,0.03,0.224,755597.1,1008562.417,0.3894,0.46,7.1672,0.7745,1.5375,1940591.8198,1940552.195,860088.1226,26042742.2217,26042210.4569
000001.SZ,20220720,13.43,13.47,13.35,13.39,13.42,-0.03,-0.2235,801458.66,1073936.3,0.413,0.48,7.1512,0.7728,1.5341,1940591.8198,1940552.195,860088.1226,25984524.4671,25983993.8911
000001.SZ,20220721,13.32,13.34,12.99,13.01,13.39,-0.38,-2.8379,1970387.89,2588696.13,1.0154,1.42,6.9482,0.7509,1.4905,1940591.8198,1940552.195,860088.1226,25247099.5756,25246584.057
000001.SZ,20220722,12.84,12.93,12.62,12.81,12.78,0.03,0.2347,1376509.74,1755555.714,0.7093,1.1,6.8414,0.6511,1.4676,1940591.8198,1940552.195,860088.1226,24858981.2116,24858473.618
000001.SZ,20220725,12.8,12.85,12.67,12.82,12.81,0.01,0.0781,763955.81,976071.707,0.3937,0.63,6.8468,0.6516,1.4688,1940591.8198,1940552.195,860088.1226,24878387.1298,24877879.1399
000001.SZ,20220726,12.75,12.91,12.71,12.91,12.82,0.09,0.702,1024048.81,1314310.442,0.5277,0.9,6.8948,0.6562,1.4791,1940591.8198,1940552.195,860088.1226,25053040.3936,25052528.8375
000001.SZ,20220727,12.85,12.88,12.73,12.79,12.91,-0.12,-0.9295,923914.08,1182889.761,0.4761,0.78,6.8307,0.748,1.4653,1940591.8198,1940552.195,860088.1226,24820169.3752,24819662.5741
000001.SZ,20220728,12.81,12.91,12.78,12.88,12.79,0.09,0.7037,750346.52,964903.658,0.3867,0.62,6.8788,0.7533,1.4756,1940591.8198,1940552.195,860088.1226,24994822.639,24994312.2716
000001.SZ,20220729,12.88,12.9,12.65,12.68,12.88,-0.2,-1.5528,831497.47,1059518.585,0.4285,0.86,6.772,0.7416,1.4527,1940591.8198,1940552.195,860088.1226,24606704.2751,24606201.8326
000001.SZ,20220801,12.66,12.66,12.4,12.42,12.68,-0.26,-2.0505,1025732.71,1277987.01,0.5286,1.19,6.6331,0.7264,1.4229,1940591.8198,1940552.195,860088.1226,24102150.4019,24101658.2619
000001.SZ,20220802,12.22,12.34,11.94,12.26,12.42,-0.16,-1.2882,1373009.3,1664397.666,0.7075,1.51,6.5477,0.717,1.4046,1940591.8198,1940552.195,860088.1226,23791655.7107,23791169.9107
000001.SZ,20220803,12.19,12.27,12.01,12.03,12.26,-0.23,-1.876,746136.53,905653.325,0.3845,0.76,6.4248,0.7036,1.3783,1940591.8198,1940552.195,860088.1226,23345319.5922,23344842.9059
000001.SZ,20220804,12.1,12.17,12.02,12.16,12.03,0.13,1.0806,602675.62,729351.71,0.3106,0.64,6.4943,0.7112,1.3932,1940591.8198,1940552.195,860088.1226,23597596.5288,23597114.6912
000001.SZ,20220805,12.13,12.33,11.98,12.31,12.16,0.15,1.2336,765297.87,930836.354,0.3944,0.84,6.5744,0.72,1.4103,1940591.8198,1940552.195,860088.1226,23888685.3017,23888197.5205
000001.SZ,20220808,12.25,12.36,12.16,12.2,12.31,-0.11,-0.8936,551999.69,674950.921,0.2845,0.61,6.5156,0.7135,1.3977,1940591.8198,1940552.195,860088.1226,23675220.2016,23674736.779
000001.SZ,20220809,12.21,12.22,12.08,12.12,12.2,-0.08,-0.6557,558447.57,677098.633,0.2878,0.69,6.4729,0.7088,1.3886,1940591.8198,1940552.195,860088.1226,23519972.856,23519492.6034
000001.SZ,20220810,12.12,12.24,12.02,12.06,12.12,-0.06,-0.495,683023.21,825806.008,0.352,1.06,6.4409,0.7053,1.3817,1940591.8198,1940552.195,860088.1226,23403537.3468,23403059.4717
000001.SZ,20220811,12.08,12.39,12.04,12.35,12.06,0.29,2.4046,1399303.61,1710719.478,0.7211,2.21,6.5957,0.7223,1.4149,1940591.8198,1940552.195,860088.1226,23966308.9745,23965819.6083
000001.SZ,20220812,12.26,12.41,12.2,12.38,12.35,0.03,0.2429,820503.56,1010612.433,0.4228,1.04,6.6118,0.7241,1.4184,1940591.8198,1940552.195,860088.1226,24024526.7291,24024036.1741
000001.SZ,20220815,12.29,12.36,12.09,12.11,12.38,-0.27,-2.1809,1172010.0,1425087.455,0.604,1.46,6.4676,0.7083,1.3874,1940591.8198,1940552.195,860088.1226,23500566.9378,23500087.0815
000001.SZ,20220816,12.11,12.2,12.1,12.13,12.11,0.02,0.1652,631223.7,765907.219,0.3253,0.68,6.4783,0.7094,1.3897,1940591.8198,1940552.195,860088.1226,23539378.7742,23538898.1254
000001.SZ,20220817,12.15,12.42,12.07,12.4,12.13,0.27,2.2259,1348506.58,1656961.619,0.6949,1.43,6.6225,0.7252,1.4206,1940591.8198,1940552.195,860088.1226,24063338.5655,24062847.218
000001.SZ,20220818,12.48,12.54,12.16,12.25,12.4,-0.15,-1.2097,1269700.94,1560630.568,0.6543,1.18,6.5423,0.6948,1.4035,1940591.8198,1940554.695,860088.1226,23772249.7926,23771795.0138
000001.SZ,20220819,12.27,12.75,12.23,12.57,12.25,0.32,2.6122,2106417.24,2653471.09,1.0855,2.01,6.7132,0.7129,1.4401,1940591.8198,1940554.695,816042.7512,24393239.1749,24392772.5162
000001.SZ,20220822,12.58,12.68,12.41,12.5,12.57,-0.07,-0.5569,1138076.58,1423361.879,0.5865,0.87,6.6759,0.709,1.4321,1940591.8198,1940554.695,860090.6226,24257397.7475,24256933.6875
000001.SZ,20220823,12.45,12.49,12.28,12.34,12.5,-0.16,-1.28,921463.07,1137300.431,0.4748,0.71,6.5904,0.6999,1.4138,1940591.8198,1940554.695,860090.6226,23946903.0563,23946444.9363
000001.SZ,20220824,12.33,12.54,12.33,12.4,12.34,0.06,0.4862,1295375.33,1613309.589,0.6675,0.95,6.6225,0.7033,1.4206,1940591.8198,1940554.695,860090.6226,24063338.5655,24062878.218
000001.SZ,20220825,12.4,12.66,12.3,12.62,12.4,0.22,1.7742,1064010.61,1329230.362,0.5483,0.79,6.7399,0.7158,1.4459,1940591.8198,1940554.695,860090.6226,24490268.7659,24489800.2509
000001.SZ,20220826,12.68,12.75,12.46,12.61,12.62,-0.01,-0.0792,927634.26,1168951.099,0.478,0.71,6.7346,0.7152,1.4447,1940591.8198,1940554.695,860090.6226,24470862.8477,24470394.704
000001.SZ,20220829,12.5,12.56,12.31,12.42,12.61,-0.19,-1.5067,924490.65,1145189.174,0.4764,0.86,6.6331,0.7044,1.4229,1940591.8198,1940554.695,860090.6226,24102150.4019,24101689.3119
000001.SZ,20220830,12.43,12.54,12.28,12.48,12.42,0.06,0.4831,799712.38,991447.627,0.4121,0.78,6.6652,0.7078,1.4298,1940591.8198,1940554.695,860090.6226,24218585.9111,24218122.5936
000001.SZ,20220831,12.38,12.78,12.36,12.75,12.48,0.27,2.1635,1653041.58,2091408.315,0.8518,1.65,6.8094,0.7231,1.4607,1940591.8198,1940554.695,860090.6226,24742545.7025,24742072.3613
000001.SZ,20220901,12.65,12.79,12.58,12.61,12.75,-0.14,-1.098,861981.95,1092666.277,0.4442,0.8,6.7346,0.7152,1.4447,1940591.8198,1940554.695,860090.6226,24470862.8477,24470394.704
000001.SZ,20220902,12.62,12.69,12.43,12.51,12.61,-0.1,-0.793,786362.81,983433.863,0.4052,0.76,6.6812,0.7095,1.4332,1940591.8198,1940554.695,860090.6226,24276803.6657,24276339.2345
000001.SZ,20220905,12.46,12.6,12.37,12.57,12.51,0.06,0.4796,632039.98,788451.089,0.3257,0.63,6.7132,0.7129,1.4401,1940591.8198,1940554.695,860090.6226,24393239.1749,24392772.5162
000001.SZ,20220906,12.58,12.66,12.43,12.5,12.57,-0.07,-0.5569,731294.99,914692.184,0.3768,0.77,6.6759,0.709,1.4321,1940591.8198,1940554.695,860090.6226,24257397.7475,24256933.6875
000001.SZ,20220907,12.42,12.42,12.28,12.33,12.5,-0.17,-1.36,979812.81,1208329.759,0.5049,1.05,6.5851,0.6993,1.4126,1940591.8198,1940554.695,860090.6226,23927497.1381,23927039.3894
000001.SZ,20220908,12.32,12.44,12.3,12.36,12.33,0.03,0.2433,621116.92,768913.484,0.3201,0.78,6.6011,0.701,1.4161,1940591.8198,1940554.695,860090.6226,23985714.8927,23985256.0302
000001.SZ,20220909,12.4,12.74,12.36,12.72,12.36,0.36,2.9126,1951297.31,2469131.334,1.0055,2.6,6.7934,0.7214,1.4573,1940591.8198,1940554.695,860090.6226,24684327.9479,24683855.7204
000001.SZ,20220913,12.88,13.02,12.66,12.95,12.72,0.23,1.8082,1722689.89,2223707.38,0.8877,1.75,6.9162,0.7345,1.4837,1940591.8198,1940554.695,860090.6226,25130664.0664,25130183.3003
000001.SZ,20220914,12.75,12.87,12.7,12.73,12.95,-0.22,-1.6988,858035.84,1095054.829,0.4422,0.71,6.7987,0.722,1.4585,1940591.8198,1940554.695,860090.6226,24703733.8661,24703261.2674
000001.SZ,20220915,12.8,13.1,12.77,13.0,12.73,0.27,2.121,1841017.88,2393239.453,0.9487,1.5,6.9429,0.7373,1.4894,1940591.8198,1940554.695,860090.6226,25227693.6574,25227211.035
000001.SZ,20220916,12.92,12.95,12.56,12.56,13.0,-0.44,-3.3846,1357447.81,1719252.822,0.6995,0.97,6.7079,0.7124,1.439,1940591.8198,1940554.695,860090.6226,24373833.2567,24373366.9692
000001.SZ,20220919,12.54,12.67,12.48,12.57,12.56,0.01,0.0796,632121.04,793491.306,0.3257,0.41,6.7132,0.7129,1.4401,1940591.8198,1940554.695,860090.6226,24393239.1749,24392772.5162
000001.SZ,20220920,12.61,12.63,12.32,12.34,12.57,-0.23,-1.8298,889988.53,1102212.204,0.4586,0.69,6.5904,0.6999,1.4138,1940591.8198,1940554.695,860090.6226,23946903.0563,23946444.9363
000001.SZ,20220921,12.31,12.48,12.2,12.43,12.34,0.09,0.7293,684197.39,845477.182,0.3526,0.61,6.6385,0.705,1.4241,1940591.8198,1940554.695,860090.6226,24121556.3201,24121094.8589
000001.SZ,20220922,12.33,12.36,12.25,12.29,12.43,-0.14,-1.1263,586133.38,720058.21,0.302,0.54,6.5637,0.6971,1.408,1940591.8198,1940554.695,860090.6226,23849873.4653,23849417.2016
000001.SZ,20220923,12.24,12.43,12.23,12.29,12.29,0.0,0.0,586441.06,722703.128,0.3022,0.71,6.5637,0.6971,1.408,1940591.8198,1940554.695,860090.6226,23849873.4653,23849417.2016
000001.SZ,20220926,12.16,12.28,11.99,12.0,12.29,-0.29,-2.3596,903729.04,1094060.839,0.4657,1.34,6.4088,0.6806,1.3748,1940591.8198,1940554.695,860090.6226,23287101.8376,23286656.34
000001.SZ,20220927,12.0,12.16,11.81,12.15,12.0,0.15,1.25,789622.29,946732.994,0.4069,1.08,6.4889,0.6891,1.392,1940591.8198,1940554.695,860090.6226,23578190.6106,23577739.5443
000001.SZ,20220928,12.09,12.25,11.92,12.11,12.15,-0.04,-0.3292,780925.58,946211.767,0.4024,1.1,6.4676,0.6868,1.3874,1940591.8198,1940554.695,860090.6226,23500566.9378,23500117.3565
000001.SZ,20220929,12.25,12.28,11.82,11.86,12.11,-0.25,-2.0644,917718.04,1100405.198,0.4729,1.26,6.3341,0.6727,1.3588,1940591.8198,1940554.695,860090.6226,23015418.9828,23014978.6827
000001.SZ,20220930,11.87,11.96,11.83,11.84,11.86,-0.02,-0.1686,537230.19,638906.948,0.2768,0.68,6.3234,0.6715,1.3565,1940591.8198,1940554.695,860090.6226,22976607.1464,22976167.5888
000001.SZ,20221010,11.7,11.77,11.46,11.47,11.84,-0.37,-3.125,966080.18,1119089.731,0.4978,1.23,6.1258,0.6505,1.3141,1940591.8198,1940554.695,860090.6226,22258588.1731,22258162.3517
000001.SZ,20221011,11.54,11.58,11.41,11.48,11.47,0.01,0.0872,415253.37,476749.227,0.214,0.52,6.1311,0.6511,1.3152,1940591.8198,1940554.695,860090.6226,22277994.0913,22277567.8986
000001.SZ,20221012,11.45,11.62,11.35,11.6,11.48,0.12,1.0453,559572.43,641776.509,0.2884,0.77,6.1952,0.6579,1.329,1940591.8198,1940554.695,860090.6226,22510865.1097,22510434.462
000001.SZ,20221013,11.51,11.54,11.31,11.34,11.6,-0.26,-2.2414,852615.97,970021.739,0.4394,1.26,6.0563,0.6432,1.2992,1940591.8198,1940554.695,860090.6226,22006311.2365,22005890.2413
000001.SZ,20221014,11.45,11.63,11.4,11.53,11.34,0.19,1.6755,1096061.58,1265486.55,0.5648,1.65,6.1578,0.6539,1.321,1940591.8198,1940554.695,860090.6226,22375023.6823,22374595.6334
000001.SZ,20221017,11.42,11.52,11.34,11.48,11.53,-0.05,-0.4337,1024822.71,1171523.55,0.5281,1.32,6.1311,0.6511,1.3152,1940591.8198,1940554.695,860090.6226,22277994.0913,22277567.8986
000001.SZ,20221018,11.55,11.64,11.46,11.48,11.48,0.0,0.0,946837.09,1091646.644,0.4879,1.2,6.1311,0.6511,1.3152,1940591.8198,1940554.695,860090.6226,22277994.0913,22277567.8986
000001.SZ,20221019,11.42,11.49,11.28,11.29,11.48,-0.19,-1.6551,923989.68,1049700.767,0.4761,1.03,6.0296,0.6403,1.2935,1940591.8198,1940554.695,860090.6226,21909281.6455,21908862.5066
000001.SZ,20221020,11.23,11.31,11.16,11.2,11.29,-0.09,-0.7972,781923.23,876967.151,0.4029,0.81,5.9816,0.6352,1.2832,1940591.8198,1940554.695,860090.6226,21734628.3818,21734212.584
000001.SZ,20221021,11.21,11.25,11.07,11.09,11.2,-0.11,-0.9821,785574.29,876648.491,0.4048,0.82,5.9228,0.629,1.2706,1940591.8198,1940554.695,860090.6226,21521163.2816,21520751.5676
000001.SZ,20221024,11.09,11.1,10.61,10.62,11.09,-0.47,-4.2381,1383390.65,1496043.94,0.7129,1.55,5.6718,0.6023,1.2167,1940591.8198,1940554.695,860090.6226,20609085.1263,20608690.8609
000001.SZ,20221025,10.7,10.81,10.6,10.65,10.62,0.03,0.2825,1316979.4,1406437.766,0.6787,1.37,5.6878,0.5815,1.2202,1940591.8198,1940554.695,816042.7512,20667302.8809,20666907.5018
000001.SZ,20221026,10.64,10.73,10.61,10.66,10.65,0.01,0.0939,1143829.88,1220733.278,0.5894,1.1,5.6932,0.582,1.2213,1940591.8198,1940554.695,860090.6226,20686708.7991,20686313.0487
000001.SZ,20221027,10.7,10.77,10.66,10.68,10.66,0.02,0.1876,957383.46,1024868.047,0.4934,0.88,5.7039,0.5831,1.2236,1940591.8198,1940554.695,860090.6226,20725520.6355,20725124.1426
000001.SZ,20221028,10.63,10.7,10.41,10.42,10.68,-0.26,-2.4345,1057947.01,1114999.302,0.5452,0.95,5.565,0.5689,1.1938,1940591.8198,1940554.695,860090.6226,20220966.7623,20220579.9219
000001.SZ,20221031,10.33,10.45,10.22,10.34,10.42,-0.08,-0.7678,983095.69,1016230.012,0.5066,0.84,5.5223,0.5645,1.1846,1940591.8198,1940554.695,860090.6226,20065719.4167,20065335.5463
000001.SZ,20221101,10.38,10.68,10.36,10.67,10.34,0.33,3.1915,1381234.13,1459758.367,0.7118,1.27,5.6985,0.5825,1.2224,1940591.8198,1940554.695,860090.6226,20706114.7173,20705718.5957
000001.SZ,20221102,10.61,10.68,10.48,10.63,10.67,-0.04,-0.3749,1302988.18,1377816.22,0.6715,1.18,5.6771,0.5804,1.2179,1940591.8198,1940554.695,860090.6226,20628491.0445,20628096.4079
000001.SZ,20221103,10.54,10.57,10.38,10.44,10.63,-0.19,-1.7874,983535.61,1028904.286,0.5068,0.87,5.5757,0.57,1.1961,1940591.8198,1940554.695,860090.6226,20259778.5987,20259391.0158
000001.SZ,20221104,10.4,10.85,10.39,10.82,10.44,0.38,3.6398,1776112.23,1903720.944,0.9153,1.56,5.7786,0.5907,1.2396,1940591.8198,1940554.695,860090.6226,20997203.4902,20996801.7999
000001.SZ,20221107,10.81,10.91,10.73,10.88,10.82,0.06,0.5545,988082.04,1070554.833,0.5092,0.77,5.8107,0.594,1.2465,1940591.8198,1940554.695,860090.6226,21113638.9994,21113235.0816
000001.SZ,20221108,10.89,10.92,10.78,10.85,10.88,-0.03,-0.2757,583222.05,632835.805,0.3005,0.45,5.7946,0.5924,1.2431,1940591.8198,1940554.695,860090.6226,21055421.2448,21055018.4408
000001.SZ,20221109,10.84,11.08,10.82,10.89,10.85,0.04,0.3687,832106.85,911153.622,0.4288,0.74,5.816,0.5946,1.2476,1940591.8198,1940554.695,860090.6226,21133044.9176,21132640.6286
000001.SZ,20221110,10.79,10.9,10.69,10.87,10.89,-0.02,-0.1837,552021.19,596916.589,0.2845,0.53,5.8053,0.5935,1.2454,1940591.8198,1940554.695,860090.6226,21094233.0812,21093829.5347
000001.SZ,20221111,11.13,11.66,11.01,11.43,10.87,0.56,5.1518,2545070.55,2878557.392,1.3115,2.69,6.1044,0.624,1.3095,1940591.8198,1940554.695,860090.6226,22180964.5003,22180540.1639
000001.SZ,20221114,11.7,12.28,11.7,11.95,11.43,0.52,4.5494,3872084.1,4637823.414,1.9953,3.52,6.3821,0.6524,1.3691,1940591.8198,1940554.695,860090.6226,23190072.2466,23189628.6053
000001.SZ,20221115,11.86,12.18,11.83,12.01,11.95,0.06,0.5021,1573901.34,1891249.648,0.8111,0.94,6.4142,0.6557,1.376,1940591.8198,1940554.695,860090.6226,23306507.7558,23306061.887
000001.SZ,20221116,11.97,12.05,11.79,11.82,12.01,-0.19,-1.582,1278692.88,1519133.932,0.6589,0.68,6.3127,0.6453,1.3542,1940591.8198,1940554.695,860090.6226,22937795.31,22937356.4949
000001.SZ,20221117,11.81,11.84,11.58,11.69,11.82,-0.13,-1.0998,1091047.16,1273790.881,0.5622,0.56,6.2433,0.6382,1.3393,1940591.8198,1940554.695,860090.6226,22685518.3735,22685084.3846
000001.SZ,20221118,11.74,11.78,11.57,11.59,11.69,-0.1,-0.8554,868093.29,1011078.68,0.4473,0.42,6.1899,0.6328,1.3278,1940591.8198,1940554.695,860090.6226,22491459.1915,22491028.9151
000001.SZ,20221121,11.48,11.5,11.22,11.46,11.59,-0.13,-1.1217,1047737.07,1189388.618,0.5399,0.6,6.1204,0.6257,1.313,1940591.8198,1940554.695,860090.6226,22239182.2549,22238756.8047
000001.SZ,20221122,11.46,11.93,11.44,11.82,11.46,0.36,3.1414,1491323.88,1748727.407,0.7685,1.27,6.3127,0.6453,1.3542,1940591.8198,1940554.695,860090.6226,22937795.31,22937356.4949
000001.SZ,20221123,11.78,12.05,11.72,11.82,11.82,0.0,0.0,1247656.53,1483352.652,0.6429,1.08,6.3127,0.6453,1.3542,1940591.8198,1940554.695,860090.6226,22937795.31,22937356.4949
000001.SZ,20221124,11.92,11.99,11.69,11.77,11.82,-0.05,-0.423,796718.82,941002.373,0.4106,0.69,6.286,0.6426,1.3485,1940591.8198,1940554.695,860090.6226,22840765.719,22840328.7602
000001.SZ,20221125,11.79,12.23,11.77,12.17,11.77,0.4,3.3985,1760728.17,2130171.605,0.9073,1.61,6.4996,0.6644,1.3943,1940591.8198,1940554.695,860090.6226,23617002.447,23616550.6382
000001.SZ,20221128,11.9,11.92,11.69,11.81,12.17,-0.36,-2.9581,1331562.95,1568351.12,0.6862,1.05,6.3074,0.6448,1.3531,1940591.8198,1940554.695,860090.6226,22918389.3918,22917950.948
000001.SZ,20221129,12.16,12.99,12.13,12.99,11.81,1.18,9.9915,4749276.5,6026006.642,2.4474,3.58,6.9376,0.7092,1.4882,1940591.8198,1940554.695,860090.6226,25208287.7392,25207805.4881
000001.SZ,20221130,12.9,13.34,12.82,13.03,12.99,0.04,0.3079,3209628.3,4206404.173,1.654,1.62,6.9589,0.7114,1.4928,1940591.8198,1940554.695,860090.6226,25285911.412,25285427.6759
000001.SZ,20221201,13.38,13.66,13.07,13.1,13.03,0.07,0.5372,2002688.83,2658203.027,1.032,0.85,6.9963,0.7152,1.5008,1940591.8198,1940554.695,860090.6226,25421752.8394,25421266.5045
000001.SZ,20221202,13.14,13.15,12.69,12.9,13.1,-0.2,-1.5267,1404202.78,1803658.762,0.7236,0.54,6.8895,0.7043,1.4779,1940591.8198,1940554.695,860090.6226,25033634.4754,25033155.5655
000001.SZ,20221205,13.09,13.57,13.01,13.53,12.9,0.63,4.8837,2287627.42,3057231.973,1.1789,0.9,7.2259,0.7387,1.5501,1940591.8198,1940554.695,860090.6226,26256207.3219,26255705.0234
000001.SZ,20221206,13.34,13.66,13.25,13.43,13.53,-0.1,-0.7391,1252578.91,1680593.516,0.6455,0.46,7.1725,0.7332,1.5387,1940591.8198,1940554.695,860090.6226,26062148.1399,26061649.5539
000001.SZ,20221207,13.33,13.37,13.03,13.15,13.43,-0.28,-2.0849,1377376.9,1815667.663,0.7098,0.68,7.023,0.7179,1.5066,1940591.8198,1940554.695,860090.6226,25518782.4304,25518294.2393
000001.SZ,20221208,13.15,13.52,13.12,13.36,13.15,0.21,1.597,1065722.8,1422047.905,0.5492,0.64,7.1352,0.7294,1.5306,1940591.8198,1940554.695,860090.6226,25926306.7125,25925810.7252
000001.SZ,20221209,13.4,13.75,13.35,13.7,13.36,0.34,2.5449,1615831.92,2197501.649,0.8327,1.09,7.3167,0.748,1.5696,1940591.8198,1940554.695,860090.6226,26586107.9313,26585599.3215
000001.SZ,20221212,13.58,13.58,13.06,13.11,13.7,-0.59,-4.3066,1392584.28,1848277.967,0.7176,0.92,7.0016,0.7158,1.502,1940591.8198,1940554.695,860090.6226,25441158.7576,25440672.0515
000001.SZ,20221213,13.15,13.36,13.14,13.24,13.11,0.13,0.9916,902285.13,1194285.343,0.465,0.67,7.0711,0.7229,1.5169,1940591.8198,1940554.695,860090.6226,25693435.6942,25692944.1618
000001.SZ,20221214,13.23,13.4,13.08,13.23,13.24,-0.01,-0.0755,974061.1,1287867.945,0.5019,0.77,7.0657,0.7223,1.5157,1940591.8198,1940554.695,860090.6226,25674029.776,25673538.6149
000001.SZ,20221215,13.14,13.28,12.94,13.1,13.23,-0.13,-0.9826,835349.26,1094434.006,0.4305,0.7,6.9963,0.7152,1.5008,1940591.8198,1940554.695,860090.6226,25421752.8394,25421266.5045
000001.SZ,20221216,13.02,13.4,13.02,13.34,13.1,0.24,1.8321,924251.67,1225269.166,0.4763,0.81,7.1245,0.7283,1.5283,1940591.8198,1940554.695,860090.6226,25887494.8761,25886999.6313
000001.SZ,20221219,13.33,13.47,12.95,13.04,13.34,-0.3,-2.2489,1030866.06,1355435.567,0.5312,1.03,6.9643,0.7119,1.494,1940591.8198,1940554.695,860090.6226,25305317.3302,25304833.2228
000001.SZ,20221220,12.97,13.08,12.67,12.76,13.04,-0.28,-2.1472,896212.23,1150630.681,0.4618,0.96,6.8147,0.6967,1.4619,1940591.8198,1940554.695,860090.6226,24761951.6206,24761477.9082
000001.SZ,20221221,12.85,12.99,12.74,12.89,12.76,0.13,1.0188,614589.64,791782.473,0.3167,0.66,6.8841,0.7038,1.4768,1940591.8198,1940554.695,860090.6226,25014228.5572,25013750.0186
000001.SZ,20221222,13.0,13.15,12.9,12.95,12.89,0.06,0.4655,672394.3,876159.828,0.3465,0.78,6.9162,0.707,1.4837,1940591.8198,1940554.695,860090.6226,25130664.0664,25130183.3003
000001.SZ,20221223,12.85,13.06,12.8,12.98,12.95,0.03,0.2317,564426.41,730705.959,0.2909,0.68,6.9322,0.7087,1.4871,1940591.8198,1940554.695,860090.6226,25188881.821,25188399.9411
000001.SZ,20221226,12.99,13.04,12.71,12.77,12.98,-0.21,-1.6179,797119.87,1021903.963,0.4108,1.05,6.8201,0.6972,1.463,1940591.8198,1940554.695,860090.6226,24781357.5388,24780883.4552
000001.SZ,20221227,12.87,13.22,12.87,13.11,12.77,0.34,2.6625,886004.12,1160090.119,0.4566,1.25,7.0016,0.7158,1.502,1940591.8198,1940554.695,860090.6226,25441158.7576,25440672.0515
000001.SZ,20221228,13.16,13.38,13.0,13.14,13.11,0.03,0.2288,791191.98,1042402.08,0.4077,1.12,7.0177,0.7174,1.5054,1940591.8198,1940554.695,860090.6226,25499376.5122,25498888.6923
000001.SZ,20221229,13.07,13.13,12.85,13.03,13.14,-0.11,-0.8371,666890.09,865144.967,0.3437,0.9,6.9589,0.7114,1.4928,1940591.8198,1940554.695,860090.6226,25285911.412,25285427.6759
000001.SZ,20221230,13.04,13.28,12.96,13.16,13.03,0.13,0.9977,818035.98,1074756.754,0.4215,1.1,7.0283,0.7185,1.5077,1940591.8198,1940554.695,860090.6226,25538188.3486,25537699.7862
000001.SZ,20230103,13.2,13.85,13.05,13.77,13.16,0.61,4.6353,2194127.94,2971546.989,1.1307,2.77,7.3541,0.7518,1.5776,1940591.8198,1940554.695,860090.6226,26721949.3586,26721438.1502
000001.SZ,20230104,13.71,14.42,13.63,14.32,13.77,0.55,3.9942,2189682.53,3110729.449,1.1284,2.04,7.6479,0.7818,1.6406,1940591.8198,1940554.695,860090.6226,27789274.8595,27788743.2324
000001.SZ,20230105,14.4,14.74,14.37,14.48,14.32,0.16,1.1173,1665425.18,2417272.356,0.8582,1.25,7.7333,0.7906,1.6589,1940591.8198,1940554.695,860090.6226,28099769.5507,28099231.9836
000001.SZ,20230106,14.5,14.72,14.48,14.62,14.48,0.14,0.9669,1195744.71,1747915.169,0.6162,0.79,7.8081,0.7982,1.675,1940591.8198,1940554.695,860090.6226,28371452.4055,28370909.6409
000001.SZ,20230109,14.75,14.88,14.52,14.8,14.62,0.18,1.2312,1057659.11,1561368.487,0.545,0.66,7.9042,0.808,1.6956,1940591.8198,1940554.695,860090.6226,28720758.933,28720209.486
000001.SZ,20230110,14.76,14.89,14.39,14.44,14.8,-0.36,-2.4324,1269423.39,1851093.717,0.6542,0.76,7.712,0.7884,1.6544,1940591.8198,1940554.695,860090.6226,28022145.8779,28021609.7958
000001.SZ,20230111,14.45,14.78,14.39,14.67,14.44,0.23,1.5928,830566.12,1217450.812,0.428,0.56,7.8348,0.8009,1.6807,1940591.8198,1940554.695,860090.6226,28468481.9965,28467937.3757
000001.SZ,20230112,14.77,14.77,14.53,14.67,14.67,0.0,0.0,625694.84,914367.7,0.3224,0.52,7.8348,0.8009,1.6807,1940591.8198,1940554.695,860090.6226,28468481.9965,28467937.3757
000001.SZ,20230113,14.67,14.95,14.55,14.95,14.67,0.28,1.9087,949085.83,1407181.074,0.4891,0.95,7.9843,0.8162,1.7128,1940591.8198,1940554.695,860090.6226,29011847.706,29011292.6903
000001.SZ,20230116,14.95,15.28,14.85,15.08,14.95,0.13,0.8696,1560039.89,2356399.993,0.8039,1.65,8.0538,0.8233,1.7277,1940591.8198,1940554.695,860090.6226,29264124.6426,29263564.8006
000001.SZ,20230117,15.13,15.18,14.77,14.97,15.08,-0.11,-0.7294,935834.54,1396151.515,0.4823,0.89,7.995,0.7965,1.7151,1940591.8198,1940554.695,860090.6226,29050659.5424,29050103.7842
000001.SZ,20230118,14.95,15.18,14.91,15.11,14.97,0.14,0.9352,718434.03,1083362.998,0.3702,0.73,8.0698,0.8039,1.7311,1940591.8198,1940554.695,860090.6226,29322342.3972,29321781.4415
000001.SZ,20230119,15.13,15.25,14.87,15.09,15.11,-0.02,-0.1324,641875.2,963744.633,0.3308,0.67,8.0591,0.8029,1.7288,1940591.8198,1940554.695,860090.6226,29283530.5608,29282970.3476
000001.SZ,20230120,15.16,15.24,15.0,15.13,15.09,0.04,0.2651,608590.08,920144.806,0.3136,0.63,8.0805,0.805,1.7334,1940591.8198,1940554.695,860090.6226,29361154.2336,29360592.5354
000001.SZ,20230130,15.6,15.74,14.89,15.15,15.13,0.02,0.1322,1374317.5,2096867.649,0.7082,1.54,8.0911,0.8061,1.7357,1940591.8198,1940554.695,860090.6226,29399966.07,29399403.6293
000001.SZ,20230131,15.24,15.51,14.96,14.99,15.15,-0.16,-1.0561,1030497.84,1568639.326,0.531,1.2,8.0057,0.7975,1.7174,1940591.8198,1940554.695,860090.6226,29089471.3788,29088914.8781
000001.SZ,20230201,15.03,15.08,14.51,14.7,14.99,-0.29,-1.9346,1653421.48,2426471.973,0.852,1.89,7.8508,0.7821,1.6842,1940591.8198,1940554.695,860090.6226,28526699.7511,28526154.0165
000001.SZ,20230202,14.74,14.78,14.27,14.6,14.7,-0.1,-0.6803,1577900.39,2280744.883,0.8131,1.49,7.7974,0.7768,1.6727,1940591.8198,1940554.695,860090.6226,28332640.5691,28332098.547
000001.SZ,20230203,14.45,14.55,14.16,14.32,14.6,-0.28,-1.9178,1246382.98,1782105.891,0.6423,1.0,7.6479,0.7619,1.6406,1940591.8198,1940554.695,860090.6226,27789274.8595,27788743.2324
000001.SZ,20230206,14.1,14.13,13.86,14.0,14.32,-0.32,-2.2346,1317610.1,1838428.709,0.679,0.96,7.477,0.7449,1.604,1940591.8198,1940554.695,860090.6226,27168285.4772,27167765.73
000001.SZ,20230207,14.06,14.32,14.03,14.21,14.0,0.21,1.5,869460.46,1235297.763,0.448,0.64,7.5891,0.756,1.628,1940591.8198,1940554.695,860090.6226,27575809.7594,27575282.216
000001.SZ,20230208,14.24,14.32,14.03,14.04,14.21,-0.17,-1.1963,657892.57,928708.934,0.339,0.49,7.4983,0.747,1.6085,1940591.8198,1940554.695,860090.6226,27245909.15,27245387.9178
000001.SZ,20230209,14.01,14.3,13.96,14.13,14.04,0.09,0.641,830350.02,1174361.963,0.4279,0.73,7.5464,0.7518,1.6188,1940591.8198,1940554.695,860090.6226,27420562.4138,27420037.8404
000001.SZ,20230210,14.1,14.12,13.86,13.98,14.13,-0.15,-1.0616,847283.66,1184283.386,0.4366,0.86,7.4663,0.7438,1.6017,1940591.8198,1940554.695,860090.6226,27129473.6408,27128954.6361
000001.SZ,20230213,13.94,13.94,13.6,13.82,13.98,-0.16,-1.1445,1800054.16,2473405.203,0.9276,1.99,7.3808,0.7353,1.5833,1940591.8198,1940554.695,860090.6226,26818978.9496,26818465.8849
000001.SZ,20230214,13.85,13.98,13.8,13.96,13.82,0.14,1.013,909937.09,1263892.078,0.4689,0.91,7.4556,0.7427,1.5994,1940591.8198,1940554.695,860090.6226,27090661.8044,27090143.5422
000001.SZ,20230215,13.95,13.96,13.62,13.67,13.96,-0.29,-2.0774,1250243.98,1713566.673,0.6443,1.24,7.3007,0.7273,1.5661,1940591.8198,1940554.695,860090.6226,26527890.1767,26527382.6807
000001.SZ,20230216,13.68,13.91,13.5,13.6,13.67,-0.07,-0.5121,1279123.29,1757431.084,0.6592,1.13,7.2633,0.7236,1.5581,1940591.8198,1940554.695,860090.6226,26392048.7493,26391543.852
000001.SZ,20230217,13.63,13.72,13.43,13.43,13.6,-0.17,-1.25,918363.69,1246777.397,0.4732,0.75,7.1725,0.7145,1.5387,1940591.8198,1940554.695,860090.6226,26062148.1399,26061649.5539
000001.SZ,20230220,13.5,14.15,13.49,14.15,13.43,0.72,5.3611,2116191.17,2945969.773,1.0905,1.72,7.5571,0.7529,1.6211,1940591.8198,1940554.695,860090.6226,27459374.2502,27458848.9343
000001.SZ,20230221,14.06,14.2,13.92,14.1,14.15,-0.05,-0.3534,990494.99,1393153.377,0.5104,0.76,7.5304,0.7502,1.6154,1940591.8198,1940554.695,860090.6226,27362344.6592,27361821.1995
000001.SZ,20230222,14.0,14.12,13.94,14.02,14.1,-0.08,-0.5674,638922.39,895742.534,0.3292,0.49,7.4876,0.7459,1.6062,1940591.8198,1940554.695,860090.6226,27207097.3136,27206576.8239
000001.SZ,20230223,14.0,14.32,13.98,14.05,14.02,0.03,0.214,824490.68,1165539.851,0.4249,0.69,7.5037,0.7475,1.6097,1940591.8198,1940554.695,860090.6226,27265315.0682,27264793.4648
000001.SZ,20230224,14.02,14.03,13.8,13.86,14.05,-0.19,-1.3523,729989.04,1012652.972,0.3762,0.67,7.4022,0.7374,1.5879,1940591.8198,1940554.695,860090.6226,26896602.6224,26896088.0727
000001.SZ,20230227,13.75,13.88,13.68,13.69,13.86,-0.17,-1.2266,621461.93,854854.041,0.3202,0.59,7.3114,0.7284,1.5684,1940591.8198,1940554.695,860090.6226,26566702.0131,26566193.7746
000001.SZ,20230228,13.75,13.85,13.61,13.78,13.69,0.09,0.6574,607935.92,833316.018,0.3133,0.8,7.3595,0.7332,1.5788,1940591.8198,1940554.695,860090.6226,26741355.2768,26740843.6971
000001.SZ,20230301,13.8,14.19,13.74,14.17,13.78,0.39,2.8302,1223451.78,1719710.647,0.6305,1.79,7.5678,0.7539,1.6234,1940591.8198,1940554.695,860090.6226,27498186.0866,27497660.0282
000001.SZ,20230302,14.13,14.44,14.06,14.24,14.17,0.07,0.494,1015876.84,1447565.98,0.5235,1.27,7.6051,0.7576,1.6315,1940591.8198,1940554.695,860090.6226,27634027.514,27633498.8568
000001.SZ,20230303,14.35,14.37,14.14,14.29,14.24,0.05,0.3511,690954.39,985552.121,0.3561,0.82,7.6318,0.7603,1.6372,1940591.8198,1940554.695,860090.6226,27731057.1049,27730526.5916
000001.SZ,20230306,14.3,14.3,13.72,13.85,14.29,-0.44,-3.0791,1455824.14,2023954.547,0.7502,1.75,7.3969,0.7369,1.5868,1940591.8198,1940554.695,860090.6226,26877196.7042,26876682.5258
000001.SZ,20230307,13.85,14.1,13.65,13.69,13.85,-0.16,-1.1552,1279266.29,1773654.737,0.6592,1.28,7.3114,0.7284,1.5684,1940591.8198,1940554.695,860090.6226,26566702.0131,26566193.7746
000001.SZ,20230308,13.63,13.64,13.4,13.53,13.69,-0.16,-1.1687,1096897.91,1479838.98,0.5652,0.97,7.2259,0.7199,1.5501,1940591.8198,1940554.695,860090.6226,26256207.3219,26255705.0234
000001.SZ,20230309,13.54,13.58,13.13,13.2,13.53,-0.33,-2.439,1736064.76,2305765.842,0.8946,1.57,5.6279,0.7023,1.4239,1940591.8198,1940554.695,860090.6226,25615812.0214,25615321.974
000001.SZ,20230310,13.0,13.27,13.0,13.14,13.2,-0.06,-0.4545,856996.1,1128558.36,0.4416,0.68,5.6023,0.6991,1.4175,1940591.8198,1940554.695,860090.6226,25499376.5122,25498888.6923
000001.SZ,20230313,13.12,13.29,13.0,13.05,13.14,-0.09,-0.6849,1000634.96,1309490.079,0.5156,0.78,5.5639,0.6943,1.4078,1940591.8198,1940554.695,860090.6226,25324723.2484,25324238.7698
000001.SZ,20230314,12.99,13.0,12.73,12.87,13.05,-0.18,-1.3793,1149075.58,1474124.199,0.5921,0.96,5.4872,0.6848,1.3883,1940591.8198,1940554.695,860090.6226,24975416.7208,24974938.9247
000001.SZ,20230315,13.05,13.18,12.94,13.05,12.87,0.18,1.3986,979363.72,1278262.225,0.5047,0.84,5.5639,0.6943,1.4078,1940591.8198,1940554.695,860090.6226,25324723.2484,25324238.7698
000001.SZ,20230316,12.89,13.03,12.8,12.82,13.05,-0.23,-1.7625,916792.49,1182054.434,0.4724,0.8,5.4659,0.6821,1.3829,1940591.8198,1940554.695,860090.6226,24878387.1298,24877911.1899
000001.SZ,20230317,12.99,13.04,12.65,12.75,12.82,-0.07,-0.546,1556814.14,2000832.408,0.8023,1.59,5.436,0.6784,1.3754,1940591.8198,1940554.695,860090.6226,24742545.7025,24742072.3613
000001.SZ,20230320,12.76,12.85,12.55,12.57,12.75,-0.18,-1.4118,1188816.33,1505893.659,0.6126,1.06,5.3593,0.6688,1.356,1940591.8198,1940554.695,860090.6226,24393239.1749,24392772.5162
000001.SZ,20230321,12.65,12.78,12.5,12.7,12.57,0.13,1.0342,840743.17,1060914.056,0.4332,0.73,5.4147,0.6757,1.37,1940591.8198,1940554.695,860090.6226,24645516.1115,24645044.6265
000001.SZ,20230322,12.75,12.88,12.71,12.79,12.7,0.09,0.7087,876690.77,1121080.753,0.4518,0.8,5.4531,0.6805,1.3797,1940591.8198,1940554.695,860090.6226,24820169.3752,24819694.5491
000001.SZ,20230323,12.7,12.9,12.63,12.9,12.79,0.11,0.86,804306.04,1029380.497,0.4145,0.75,5.5,0.6863,1.3916,1940591.8198,1940554.695,860090.6226,25033634.4754,25033155.5655
000001.SZ,20230324,12.85,12.86,12.76,12.82,12.9,-0.08,-0.6202,621518.75,796319.542,0.3203,0.59,5.4659,0.6821,1.3829,1940591.8198,1940554.695,860090.6226,24878387.1298,24877911.1899
000001.SZ,20230327,12.8,12.81,12.46,12.6,12.82,-0.22,-1.7161,1008422.14,1266945.056,0.5197,1.16,5.3721,0.6704,1.3592,1940591.8198,1940554.695,860090.6226,24451456.9295,24450989.157
000001.SZ,20230328,12.66,12.73,12.55,12.64,12.6,0.04,0.3175,673868.43,851797.869,0.3473,0.81,5.3891,0.6725,1.3635,1940591.8198,1940554.695,860090.6226,24529080.6023,24528611.3448
000001.SZ,20230329,12.73,12.74,12.5,12.53,12.64,-0.11,-0.8703,596064.33,750687.551,0.3072,0.75,5.3422,0.6667,1.3517,1940591.8198,1940554.695,860090.6226,24315615.5021,24315150.3284
000001.SZ,20230330,12.55,12.71,12.41,12.68,12.53,0.15,1.1971,824546.24,1035422.932,0.4249,1.11,5.4062,0.6746,1.3678,1940591.8198,1940554.695,860090.6226,24606704.2751,24606233.5326
000001.SZ,20230331,12.69,12.77,12.51,12.53,12.68,-0.15,-1.183,865491.66,1092263.437,0.446,1.16,5.3422,0.6667,1.3517,1940591.8198,1940554.695,860090.6226,24315615.5021,24315150.3284
000001.SZ,20230403,12.55,12.69,12.46,12.67,12.53,0.14,1.1173,740428.86,934285.179,0.3816,0.93,5.4019,0.6741,1.3668,1940591.8198,1940554.695,860090.6226,24587298.3569,24586827.9857
000001.SZ,20230404,12.64,12.72,12.59,12.65,12.67,-0.02,-0.1579,647457.22,817726.527,0.3336,0.87,5.3934,0.673,1.3646,1940591.8198,1940554.695,860090.6226,24548486.5205,24548016.8918
000001.SZ,20230406,12.6,12.61,12.5,12.58,12.65,-0.07,-0.5534,563321.3,706480.66,0.2903,0.77,5.3635,0.6693,1.357,1940591.8198,1940554.695,860090.6226,24412645.0931,24412178.0631
000001.SZ,20230407,12.57,12.69,12.5,12.62,12.58,0.04,0.318,607925.26,767354.797,0.3133,0.83,5.3806,0.6715,1.3614,1940591.8198,1940554.695,860090.6226,24490268.7659,24489800.2509
000001.SZ,20230410,12.64,12.7,12.58,12.68,12.62,0.06,0.4754,640181.81,809943.148,0.3299,0.93,5.4062,0.6746,1.3678,1940591.8198,1940554.695,860090.6226,24606704.2751,24606233.5326
000001.SZ,20230411,12.7,12.72,12.52,12.54,12.68,-0.14,-1.1041,777779.62,978302.908,0.4008,1.22,5.3465,0.6672,1.3527,1940591.8198,1940554.695,860090.6226,24335021.4203,24334555.8753
000001.SZ,20230412,12.58,12.59,12.45,12.48,12.54,-0.06,-0.4785,909957.06,1136997.696,0.4689,1.41,5.3209,0.664,1.3463,1940591.8198,1940554.695,860090.6226,24218585.9111,24218122.5936
000001.SZ,20230413,12.41,12.67,12.3,12.56,12.48,0.08,0.641,1131591.46,1413919.037,0.5831,1.62,5.355,0.6683,1.3549,1940591.8198,1940554.695,860090.6226,24373833.2567,24373366.9692
000001.SZ,20230414,12.6,12.9,12.58,12.69,12.56,0.13,1.035,1297994.84,1653539.531,0.6689,1.6,5.4104,0.6752,1.3689,1940591.8198,1940554.695,860090.6226,24626110.1933,24625639.0796
000001.SZ,20230417,12.66,12.94,12.6,12.93,12.69,0.24,1.8913,1304212.59,1669357.649,0.6721,1.37,5.5128,0.6879,1.3948,1940591.8198,1940554.695,860090.6226,25091852.23,25091372.2064
000001.SZ,20230418,12.93,13.2,12.89,13.0,12.93,0.07,0.5414,1538936.15,2009934.875,0.793,1.42,5.5426,0.6917,1.4024,1940591.8198,1940554.695,860090.6226,25227693.6574,25227211.035
000001.SZ,20230419,13.02,13.07,12.83,12.85,13.0,-0.15,-1.1538,1014378.15,1309536.002,0.5227,0.82,5.4786,0.6837,1.3862,1940591.8198,1940554.695,860090.6226,24936604.8844,24936127.8308
000001.SZ,20230420,12.9,12.9,12.62,12.75,12.85,-0.1,-0.7782,811788.41,1033330.704,0.4183,0.65,5.436,0.6784,1.3754,1940591.8198,1940554.695,860090.6226,24742545.7025,24742072.3613
000001.SZ,20230421,12.7,12.83,12.48,12.5,12.75,-0.25,-1.9608,918668.39,1160509.766,0.4734,0.77,5.3294,0.6651,1.3484,1940591.8198,1940554.695,860090.6226,24257397.7475,24256933.6875
000001.SZ,20230424,12.48,12.5,12.03,12.1,12.5,-0.4,-3.2,1467671.92,1798133.967,0.7563,1.31,5.1589,0.6438,1.3053,1940591.8198,1940554.695,860090.6226,23481161.0196,23480711.8095
000001.SZ,20230425,12.14,12.37,12.12,12.28,12.1,0.18,1.4876,1301900.82,1595320.17,0.6709,1.13,5.2356,0.6324,1.3247,1940591.8198,1940554.695,860090.6226,23830467.5471,23830011.6546
000001.SZ,20230426,12.25,12.25,11.99,12.12,12.28,-0.16,-1.3029,991260.4,1197555.724,0.5108,0.9,5.1674,0.6242,1.3074,1940591.8198,1940554.695,860090.6226,23519972.856,23519522.9034
000001.SZ,20230427,12.06,12.35,12.0,12.26,12.12,0.14,1.1551,1004093.37,1222755.932,0.5174,0.91,5.2271,0.6314,1.3225,1940591.8198,1940554.695,860090.6226,23791655.7107,23791200.5607
000001.SZ,20230428,12.26,12.78,12.22,12.55,12.26,0.29,2.3654,1445254.34,1816868.033,0.7448,1.27,5.3507,0.6463,1.3538,1940591.8198,1940554.695,860090.6226,24354427.3385,24353961.4223
000001.SZ,20230504,12.4,12.83,12.19,12.73,12.55,0.18,1.4343,1478264.38,1863146.144,0.7618,1.19,5.4275,0.6556,1.3732,1940591.8198,1940554.695,860090.6226,24703733.8661,24703261.2674
000001.SZ,20230505,12.78,13.11,12.75,12.91,12.73,0.18,1.414,1762188.65,2283981.032,0.9081,1.42,5.5042,0.6649,1.3926,1940591.8198,1940554.695,860090.6226,25053040.3936,25052561.1125
000001.SZ,20230508,12.94,13.49,12.84,13.32,12.91,0.41,3.1758,2630718.61,3478891.629,1.3557,1.97,5.679,0.686,1.4369,1940591.8198,1940554.695,860090.6226,25848683.0397,25848188.5374
000001.SZ,20230509,13.4,13.6,13.13,13.16,13.32,-0.16,-1.2012,2422534.45,3238716.471,1.2484,1.46,5.6108,0.6778,1.4196,1940591.8198,1940554.695,860090.6226,25538188.3486,25537699.7862
000001.SZ,20230510,13.17,13.26,12.8,12.84,13.16,-0.32,-2.4316,1237053.39,1600189.994,0.6375,0.64,5.4744,0.6613,1.3851,1940591.8198,1940554.695,860090.6226,24917198.9662,24916722.2838
000001.SZ,20230511,12.95,13.12,12.8,12.85,12.84,0.01,0.0779,903758.44,1166479.365,0.4657,0.47,5.4786,0.6618,1.3862,1940591.8198,1940554.695,860090.6226,24936604.8844,24936127.8308
000001.SZ,20230512,12.82,12.87,12.61,12.62,12.85,-0.23,-1.7899,885603.68,1124579.091,0.4564,0.49,5.3806,0.65,1.3614,1940591.8198,1940554.695,860090.6226,24490268.7659,24489800.2509
000001.SZ,20230515,12.68,12.85,12.45,12.83,12.62,0.21,1.664,928325.63,1173804.243,0.4784,0.57,5.4701,0.6608,1.384,1940591.8198,1940554.695,860090.6226,24897793.048,24897316.7369
000001.SZ,20230516,12.8,12.92,12.57,12.62,12.83,-0.21,-1.6368,998301.69,1267712.09,0.5144,0.78,5.3806,0.65,1.3614,1940591.8198,1940554.695,860090.6226,24490268.7659,24489800.2509
000001.SZ,20230517,12.58,12.64,12.44,12.49,12.62,-0.13,-1.0301,754621.2,945315.193,0.3889,0.76,5.3252,0.6433,1.3473,1940591.8198,1940554.695,860090.6226,24237991.8293,24237528.1406
000001.SZ,20230518,12.57,12.64,12.43,12.49,12.49,0.0,0.0,687186.87,861347.534,0.3541,0.77,5.3252,0.6433,1.3473,1940591.8198,1940554.695,860090.6226,24237991.8293,24237528.1406
000001.SZ,20230519,12.43,12.44,12.32,12.34,12.49,-0.15,-1.201,688413.68,851165.594,0.3548,0.81,5.2612,0.6355,1.3312,1940591.8198,1940554.695,860090.6226,23946903.0563,23946444.9363
000001.SZ,20230522,12.31,12.45,12.31,12.38,12.34,0.04,0.3241,549327.85,679754.868,0.2831,0.68,5.2783,0.6376,1.3355,1940591.8198,1940554.695,860090.6226,24024526.7291,24024067.1241
000001.SZ,20230523,12.38,12.41,12.21,12.21,12.38,-0.17,-1.3732,694364.36,852871.175,0.3578,0.94,5.2058,0.6288,1.3171,1940591.8198,1940554.695,860090.6226,23694626.1198,23694172.826
000001.SZ,20230524,12.2,12.21,12.01,12.01,12.21,-0.2,-1.638,824250.88,996600.578,0.4248,1.22,5.1205,0.6185,1.2956,1940591.8198,1940554.695,860090.6226,23306507.7558,23306061.887
000001.SZ,20230525,11.99,12.0,11.81,11.93,12.01,-0.08,-0.6661,882744.3,1050002.542,0.4549,1.28,5.0864,0.6144,1.2869,1940591.8198,1940554.695,860090.6226,23151260.4102,23150817.5114
000001.SZ,20230526,11.93,12.13,11.84,12.1,11.93,0.17,1.425,511428.64,613772.897,0.2635,0.7,5.1589,0.6232,1.3053,1940591.8198,1940554.695,860090.6226,23481161.0196,23480711.8095
000001.SZ,20230529,12.11,12.13,11.95,11.98,12.1,-0.12,-0.9917,566073.82,680275.578,0.2917,0.82,5.1077,0.617,1.2923,1940591.8198,1940554.695,860090.6226,23248290.0012,23247845.2461
000001.SZ,20230530,11.98,11.99,11.8,11.87,11.98,-0.11,-0.9182,763996.92,906316.374,0.3937,1.1,5.0608,0.6113,1.2805,1940591.8198,1940554.695,860090.6226,23034824.901,23034384.2297
000001.SZ,20230531,11.82,11.84,11.58,11.6,11.87,-0.27,-2.2746,1179586.71,1376758.357,0.6079,1.66,4.9457,0.5974,1.2513,1940591.8198,1940554.695,860090.6226,22510865.1097,22510434.462
000001.SZ,20230601,11.6,11.68,11.5,11.59,11.6,-0.01,-0.0862,743022.93,861646.489,0.3829,0.95,4.9414,0.5969,1.2503,1940591.8198,1940554.695,860090.6226,22491459.1915,22491028.9151
000001.SZ,20230602,11.68,11.97,11.64,11.93,11.59,0.34,2.9336,1221842.53,1446502.669,0.6296,1.62,5.0864,0.6144,1.2869,1940591.8198,1940554.695,860090.6226,23151260.4102,23150817.5114
000001.SZ,20230605,11.88,12.0,11.82,11.91,11.93,-0.02,-0.1676,521846.19,620531.416,0.2689,0.58,5.0779,0.6134,1.2848,1940591.8198,1940554.695,860090.6226,23112448.5738,23112006.4175
000001.SZ,20230606,11.91,12.09,11.82,11.84,11.91,-0.07,-0.5877,833273.47,997039.312,0.4294,0.94,5.048,0.6098,1.2772,1940591.8198,1940554.695,860090.6226,22976607.1464,22976167.5888
000001.SZ,20230607,11.89,12.07,11.88,11.94,11.84,0.1,0.8446,643697.84,770386.878,0.3317,0.72,5.0907,0.6149,1.288,1940591.8198,1940554.695,860090.6226,23170666.3284,23170223.0583
000001.SZ,20230608,11.96,12.2,11.86,12.12,11.94,0.18,1.5075,869397.12,1048266.236,0.448,1.1,5.1674,0.6242,1.3074,1940591.8198,1940554.695,860090.6226,23519972.856,23519522.9034
000001.SZ,20230609,12.06,12.09,11.85,11.88,12.12,-0.24,-1.9802,1315284.76,1566929.274,0.6778,1.61,5.0651,0.6118,1.2815,1940591.8198,1940554.695,860090.6226,23054230.8192,23053789.7766
000001.SZ,20230612,11.82,11.9,11.76,11.79,11.88,-0.09,-0.7576,758747.03,896015.709,0.391,0.91,5.0267,0.6072,1.2718,1940591.8198,1940554.695,860090.6226,22879577.5554,22879139.8541
000001.SZ,20230613,11.76,11.84,11.69,11.77,11.79,-0.02,-0.1696,849988.05,1000183.567,0.438,0.96,5.0182,0.6062,1.2697,1940591.8198,1940554.695,860090.6226,22840765.719,22840328.7602
000001.SZ,20230614,11.55,11.73,11.46,11.47,11.49,-0.02,-0.1741,1069200.04,1237376.776,0.551,1.2,4.8903,0.5995,1.2373,1940591.8198,1940554.695,860090.6226,22258588.1731,22258162.3517
000001.SZ,20230615,11.49,11.63,11.39,11.61,11.47,0.14,1.2206,925300.56,1064567.231,0.4768,0.95,4.95,0.6068,1.2524,1940591.8198,1940554.695,860090.6226,22530271.0279,22529840.009
000001.SZ,20230616,11.61,11.67,11.57,11.63,11.61,0.02,0.1723,842033.65,978869.317,0.4339,0.86,4.9585,0.6079,1.2546,1940591.8198,1940554.695,860090.6226,22569082.8643,22568651.1029
000001.SZ,20230619,11.63,11.63,11.41,11.45,11.63,-0.18,-1.5477,953997.07,1096351.097,0.4916,1.07,4.8818,0.5985,1.2352,1940591.8198,1940554.695,860090.6226,22219776.3367,22219351.2578
000001.SZ,20230620,11.44,11.46,11.35,11.36,11.45,-0.09,-0.786,544550.79,620374.308,0.2806,0.59,4.8434,0.5938,1.2254,1940591.8198,1940554.695,860090.6226,22045123.0729,22044701.3352
000001.SZ,20230621,11.36,11.48,11.34,11.35,11.36,-0.01,-0.088,616582.96,703681.564,0.3177,0.71,4.8391,0.5933,1.2244,1940591.8198,1940554.695,860090.6226,22025717.1547,22025295.7883
000001.SZ,20230626,11.3,11.3,11.15,11.18,11.35,-0.17,-1.4978,676577.43,757975.992,0.3487,0.87,4.7666,0.5844,1.206,1940591.8198,1940554.695,860090.6226,21695816.5454,21695401.4901
000001.SZ,20230627,11.2,11.32,11.17,11.28,11.18,0.1,0.8945,461701.78,519520.687,0.2379,0.64,4.8093,0.5896,1.2168,1940591.8198,1940554.695,860090.6226,21889875.7273,21889456.9596
000001.SZ,20230628,11.28,11.33,11.22,11.3,11.28,0.02,0.1773,365396.44,412039.354,0.1883,0.56,4.8178,0.5906,1.219,1940591.8198,1940554.695,860090.6226,21928687.5637,21928268.0535
000001.SZ,20230629,11.29,11.29,11.17,11.18,11.3,-0.12,-1.0619,485906.3,544534.826,0.2504,0.91,4.7666,0.5844,1.206,1940591.8198,1940554.695,860090.6226,21695816.5454,21695401.4901
000001.SZ,20230630,11.18,11.31,11.15,11.23,11.18,0.05,0.4472,519052.58,583494.655,0.2675,1.0,4.788,0.587,1.2114,1940591.8198,1940554.695,860090.6226,21792846.1364,21792429.2249
000001.SZ,20230703,11.24,11.53,11.23,11.49,11.23,0.26,2.3152,885090.71,1009887.429,0.4561,1.76,4.8988,0.6006,1.2395,1940591.8198,1940554.695,860090.6226,22297400.0095,22296973.4456
000001.SZ,20230704,11.46,11.49,11.32,11.4,11.49,-0.09,-0.7833,616300.56,701885.27,0.3176,1.13,4.8604,0.5959,1.2298,1940591.8198,1940554.695,860090.6226,22122746.7457,22122323.523
000001.SZ,20230705,11.36,11.4,11.3,11.34,11.4,-0.06,-0.5263,423482.4,479726.282,0.2182,0.74,4.8349,0.5927,1.2233,1940591.8198,1940554.695,860090.6226,22006311.2365,22005890.2413
000001.SZ,20230706,11.3,11.34,11.21,11.24,11.34,-0.1,-0.8818,597095.91,672396.816,0.3077,1.02,4.7922,0.5875,1.2125,1940591.8198,1940554.695,860090.6226,21812252.0546,21811834.7718
000001.SZ,20230707,11.2,11.27,11.18,11.2,11.24,-0.04,-0.3559,484440.83,543212.456,0.2496,0.8,4.7752,0.5854,1.2082,1940591.8198,1940554.695,860090.6226,21734628.3818,21734212.584
000001.SZ,20230710,11.25,11.28,11.17,11.2,11.2,0.0,0.0,495882.28,556581.582,0.2555,0.82,4.7752,0.5854,1.2082,1940591.8198,1940554.695,860090.6226,21734628.3818,21734212.584
000001.SZ,20230711,11.22,11.26,11.19,11.21,11.2,0.01,0.0893,570809.09,640131.787,0.2941,1.09,4.7794,0.5859,1.2093,1940591.8198,1940554.695,860090.6226,21754034.3,21753618.131
000001.SZ,20230712,11.23,11.36,11.22,11.24,11.21,0.03,0.2676,736083.67,830230.821,0.3793,1.43,4.7922,0.5875,1.2125,1940591.8198,1940554.695,860090.6226,21812252.0546,21811834.7718
000001.SZ,20230713,11.32,11.47,11.27,11.43,11.24,0.19,1.6904,1124229.73,1281848.379,0.5793,1.95,4.8732,0.5974,1.233,1940591.8198,1940554.695,860090.6226,22180964.5003,22180540.1639
000001.SZ,20230714,11.43,11.55,11.4,11.46,11.43,0.03,0.2625,719146.99,825295.738,0.3706,1.05,4.886,0.599,1.2362,1940591.8198,1940554.695,860090.6226,22239182.2549,22238756.8047
000001.SZ,20230717,11.41,11.41,11.26,11.31,11.46,-0.15,-1.3089,608342.58,687262.894,0.3135,0.83,4.8221,0.5912,1.2201,1940591.8198,1940554.695,860090.6226,21948093.4819,21947673.6005
000001.SZ,20230718,11.29,11.32,11.22,11.25,11.31,-0.06,-0.5305,471966.18,531299.773,0.2432,0.63,4.7965,0.588,1.2136,1940591.8198,1940554.695,860090.6226,21831657.9728,21831240.3188
000001.SZ,20230719,11.23,11.32,11.23,11.31,11.25,0.06,0.5333,382195.96,430771.279,0.197,0.52,4.8221,0.5912,1.2201,1940591.8198,1940554.695,860090.6226,21948093.4819,21947673.6005
000001.SZ,20230720,11.33,11.44,11.29,11.32,11.31,0.01,0.0884,554069.57,629696.111,0.2855,0.84,4.8263,0.5917,1.2211,1940591.8198,1940554.695,860090.6226,21967499.4001,21967079.1474
000001.SZ,20230721,11.31,11.39,11.28,11.34,11.32,0.02,0.1767,377102.56,427375.95,0.1943,0.69,4.8349,0.5927,1.2233,1940591.8198,1940554.695,860090.6226,22006311.2365,22005890.2413
000001.SZ,20230724,11.33,11.33,11.24,11.26,11.34,-0.08,-0.7055,426852.18,480713.396,0.22,0.89,4.8007,0.5885,1.2147,1940591.8198,1940554.695,860090.6226,21851063.8909,21850645.8657
000001.SZ,20230725,11.45,11.73,11.44,11.72,11.26,0.46,4.0853,2032958.19,2358815.16,1.0476,4.59,4.9969,0.6126,1.2643,1940591.8198,1940554.695,860090.6226,22743736.1281,22743301.0254
000001.SZ,20230726,11.65,11.74,11.56,11.67,11.72,-0.05,-0.4266,751662.68,875260.135,0.3873,1.0,4.9755,0.61,1.2589,1940591.8198,1940554.695,860090.6226,22646706.5371,22646273.2907
000001.SZ,20230727,11.68,11.87,11.65,11.75,11.67,0.08,0.6855,1115195.86,1314228.294,0.5747,1.35,5.0097,0.6142,1.2675,1940591.8198,1940554.695,860090.6226,22801953.8827,22801517.6663
000001.SZ,20230728,11.69,12.3,11.67,12.26,11.75,0.51,4.3404,2347013.46,2839828.237,1.2095,2.49,5.2271,0.6408,1.3225,1940591.8198,1940554.695,860090.6226,23791655.7107,23791200.5607
000001.SZ,20230731,12.3,12.5,12.23,12.32,12.26,0.06,0.4894,1854952.39,2288940.411,0.9559,1.39,5.2527,0.644,1.329,1940591.8198,1940554.695,860090.6226,23908091.2199,23907633.8424
000001.SZ,20230801,12.26,12.37,12.13,12.16,12.32,-0.16,-1.2987,957734.78,1169570.705,0.4935,0.59,5.1845,0.6356,1.3117,1940591.8198,1940554.695,860090.6226,23597596.5288,23597145.0912
000001.SZ,20230802,12.06,12.24,11.93,12.03,12.16,-0.13,-1.0691,1115900.04,1343864.165,0.575,0.79,5.129,0.6288,1.2977,1940591.8198,1940554.695,860090.6226,23345319.5922,23344872.9809
000001.SZ,20230803,11.99,12.37,11.95,12.33,12.03,0.3,2.4938,1175847.71,1433255.493,0.6059,0.8,5.2569,0.6445,1.3301,1940591.8198,1940554.695,860090.6226,23927497.1381,23927039.3894
000001.SZ,20230804,12.42,12.53,12.21,12.3,12.33,-0.03,-0.2433,1303131.02,1611435.431,0.6715,0.87,5.2442,0.6429,1.3268,1940591.8198,1940554.695,860090.6226,23869279.3835,23868822.7485
000001.SZ,20230807,12.21,12.25,12.12,12.16,12.3,-0.14,-1.1382,646913.26,786506.452,0.3334,0.5,5.1845,0.6356,1.3117,1940591.8198,1940554.695,860090.6226,23597596.5288,23597145.0912
000001.SZ,20230808,12.12,12.21,12.0,12.1,12.16,-0.06,-0.4934,725704.56,877489.188,0.374,0.7,5.1589,0.6325,1.3053,1940591.8198,1940554.695,860090.6226,23481161.0196,23480711.8095
000001.SZ,20230809,12.06,12.2,12.05,12.17,12.1,0.07,0.5785,577607.74,702060.797,0.2977,0.58,5.1887,0.6361,1.3128,1940591.8198,1940554.695,860090.6226,23617002.447,23616550.6382
000001.SZ,20230810,12.15,12.21,12.06,12.16,12.17,-0.01,-0.0822,475594.53,577123.92,0.2451,0.54,5.1845,0.6356,1.3117,1940591.8198,1940554.695,860090.6226,23597596.5288,23597145.0912
000001.SZ,20230811,12.17,12.27,11.89,11.89,12.16,-0.27,-2.2204,943538.57,1132867.239,0.4862,1.27,5.0693,0.6215,1.2826,1940591.8198,1940554.695,860090.6226,23073636.7374,23073195.3236
000001.SZ,20230814,11.76,11.78,11.59,11.67,11.89,-0.22,-1.8503,975920.18,1139185.249,0.5029,1.45,4.9755,0.61,1.2589,1940591.8198,1940554.695,860090.6226,22646706.5371,22646273.2907
000001.SZ,20230815,11.69,11.8,11.6,11.73,11.67,0.06,0.5141,712812.77,834163.04,0.3673,0.96,5.0011,0.6131,1.2654,1940591.8198,1940554.695,860090.6226,22763142.0463,22762706.5724
000001.SZ,20230816,11.67,11.85,11.61,11.73,11.73,0.0,0.0,572904.37,671706.045,0.2952,0.78,5.0011,0.6131,1.2654,1940591.8198,1940554.695,860090.6226,22763142.0463,22762706.5724
000001.SZ,20230817,11.67,11.7,11.46,11.57,11.73,-0.16,-1.364,965057.75,1116292.662,0.4973,1.31,4.9329,0.6048,1.2481,1940591.8198,1940554.695,860090.6226,22452647.3551,22452217.8212
000001.SZ,20230818,11.58,11.74,11.53,11.56,11.57,-0.01,-0.0864,659818.85,767047.287,0.34,0.79,4.9286,0.6042,1.247,1940591.8198,1940554.695,860090.6226,22433241.4369,22432812.2742
000001.SZ,20230821,11.56,11.58,11.32,11.32,11.56,-0.24,-2.0761,701497.85,799641.424,0.3615,0.9,4.8263,0.5917,1.2211,1940591.8198,1940554.695,860090.6226,21967499.4001,21967079.1474
000001.SZ,20230822,11.38,11.45,11.31,11.37,11.32,0.05,0.4417,606808.09,689991.238,0.3127,0.84,4.8476,0.5943,1.2265,1940591.8198,1940554.695,860090.6226,22064528.9911,22064106.8822
000001.SZ,20230823,11.35,11.42,11.24,11.25,11.37,-0.12,-1.0554,691809.98,783102.827,0.3565,0.99,4.7965,0.588,1.2136,1940591.8198,1940554.695,860090.6226,21831657.9728,21831240.3188
000001.SZ,20230824,11.29,11.32,11.05,11.13,11.25,-0.12,-1.0667,1291270.7,1439197.084,0.6654,1.78,4.7453,0.5652,1.2006,1940591.8198,1940554.695,860090.6226,21598786.9544,21598373.7554
000001.SZ,20230825,11.1,11.33,11.08,11.23,11.13,0.1,0.8985,845349.92,946760.251,0.4356,1.07,4.788,0.5703,1.2114,1940591.8198,1940554.695,860090.6226,21792846.1364,21792429.2249
000001.SZ,20230828,11.84,11.93,11.49,11.52,11.23,0.29,2.5824,1997609.87,2336205.801,1.0294,2.41,4.9116,0.585,1.2427,1940591.8198,1940554.695,860090.6226,22355617.7641,22355190.0864
000001.SZ,20230829,11.47,11.49,11.13,11.31,11.52,-0.21,-1.8229,1964961.43,2217588.61,1.0126,1.81,4.8221,0.5744,1.2201,1940591.8198,1940554.695,860090.6226,21948093.4819,21947673.6005
000001.SZ,20230830,11.27,11.27,11.13,11.13,11.31,-0.18,-1.5915,1375638.29,1537573.551,0.7089,1.01,4.7453,0.5652,1.2006,1940591.8198,1940554.695,860090.6226,21598786.9544,21598373.7554
000001.SZ,20230831,11.14,11.22,11.12,11.13,11.13,0.0,0.0,806474.03,900123.575,0.4156,0.54,4.7453,0.5652,1.2006,1940591.8198,1940554.695,860090.6226,21598786.9544,21598373.7554
000001.SZ,20230901,11.19,11.36,11.19,11.32,11.13,0.19,1.7071,1138704.83,1285169.019,0.5868,0.81,4.8263,0.5749,1.2211,1940591.8198,1940554.695,860090.6226,21967499.4001,21967079.1474
000001.SZ,20230904,11.35,11.59,11.33,11.56,11.32,0.24,2.1201,1410029.23,1621769.196,0.7266,0.97,4.9286,0.5871,1.247,1940591.8198,1940554.695,860090.6226,22433241.4369,22432812.2742
000001.SZ,20230905,11.5,11.51,11.36,11.39,11.56,-0.17,-1.4706,804177.16,917888.859,0.4144,0.6,4.8562,0.5784,1.2287,1940591.8198,1940554.695,860090.6226,22103340.8275,22102917.9761
000001.SZ,20230906,11.33,11.46,11.3,11.43,11.39,0.04,0.3512,634840.51,721905.682,0.3271,0.57,4.8732,0.5805,1.233,1940591.8198,1940554.695,860090.6226,22180964.5003,22180540.1639
000001.SZ,20230907,11.4,11.44,11.32,11.33,11.43,-0.1,-0.8749,540041.57,613812.176,0.2783,0.56,4.8306,0.5754,1.2222,1940591.8198,1940554.695,860090.6226,21986905.3183,21986484.6944
000001.SZ,20230908,11.28,11.32,11.23,11.27,11.33,-0.06,-0.5296,479029.67,539624.963,0.2469,0.53,4.805,0.5723,1.2157,1940591.8198,1940554.695,860090.6226,21870469.8091,21870051.4127
000001.SZ,20230911,11.3,11.4,11.27,11.34,11.27,0.07,0.6211,654485.58,741764.911,0.3373,0.85,4.8349,0.5759,1.2233,1940591.8198,1940554.695,860090.6226,22006311.2365,22005890.2413
000001.SZ,20230912,11.35,11.35,11.25,11.28,11.34,-0.06,-0.5291,495485.06,559058.536,0.2553,0.8,4.8093,0.5728,1.2168,1940591.8198,1940554.695,860090.6226,21889875.7273,21889456.9596
000001.SZ,20230913,11.29,11.32,11.21,11.25,11.28,-0.03,-0.266,490217.97,551747.628,0.2526,0.87,4.7965,0.5713,1.2136,1940591.8198,1940554.695,860090.6226,21831657.9728,21831240.3188
000001.SZ,20230914,11.28,11.33,11.25,11.29,11.25,0.04,0.3556,551650.17,622906.053,0.2843,1.04,4.8135,0.5733,1.2179,1940591.8198,1940554.695,860090.6226,21909281.6455,21908862.5066
000001.SZ,20230915,11.35,11.4,11.2,11.22,11.29,-0.07,-0.62,890476.13,1005529.161,0.4589,1.67,4.7837,0.5698,1.2103,1940591.8198,1940554.695,860090.6226,21773440.2182,21773023.6779
000001.SZ,20230918,11.22,11.24,11.14,11.23,11.22,0.01,0.0891,501325.01,561449.77,0.2583,0.81,4.788,0.5703,1.2114,1940591.8198,1940554.695,860090.6226,21792846.1364,21792429.2249
000001.SZ,20230919,11.22,11.23,11.16,11.21,11.23,-0.02,-0.1781,503664.32,564044.044,0.2595,0.86,4.7794,0.5693,1.2093,1940591.8198,1940554.695,860090.6226,21754034.3,21753618.131
000001.SZ,20230920,11.2,11.22,11.15,11.15,11.21,-0.06,-0.5352,558872.41,624785.495,0.288,0.95,4.7538,0.5662,1.2028,1940591.8198,1940554.695,860090.6226,21637598.7908,21637184.8493
000001.SZ,20230921,11.14,11.14,11.04,11.05,11.15,-0.1,-0.8969,843930.11,934673.194,0.4349,1.4,4.7112,0.5612,1.192,1940591.8198,1940554.695,860090.6226,21443539.6088,21443129.3798
000001.SZ,20230922,11.03,11.25,11.03,11.24,11.05,0.19,1.7195,911484.3,1017137.922,0.4697,1.38,4.7922,0.5708,1.2125,1940591.8198,1940554.695,860090.6226,21812252.0546,21811834.7718
000001.SZ,20230925,11.24,11.32,11.19,11.22,11.24,-0.02,-0.1779,761211.25,856022.502,0.3923,1.15,4.7837,0.5698,1.2103,1940591.8198,1940554.695,860090.6226,21773440.2182,21773023.6779
000001.SZ,20230926,11.22,11.26,11.14,11.16,11.22,-0.06,-0.5348,444980.35,497885.811,0.2293,0.62,4.7581,0.5667,1.2039,1940591.8198,1940554.695,860090.6226,21657004.709,21656590.3962
000001.SZ,20230927,11.15,11.22,11.15,11.17,11.16,0.01,0.0896,490310.61,547905.821,0.2527,0.7,4.7624,0.5673,1.2049,1940591.8198,1940554.695,860090.6226,21676410.6272,21675995.9432
000001.SZ,20230928,11.19,11.24,11.18,11.2,11.17,0.03,0.2686,520696.78,583649.73,0.2683,0.75,4.7752,0.5688,1.2082,1940591.8198,1940554.695,860090.6226,21734628.3818,21734212.584
000001.SZ,20231009,11.16,11.17,11.06,11.11,11.2,-0.09,-0.8036,695828.09,772959.353,0.3586,1.11,4.7368,0.5642,1.1985,1940591.8198,1940554.695,860090.6226,21559975.118,21559562.6615
000001.SZ,20231010,11.19,11.2,11.02,11.02,11.11,-0.09,-0.8101,820748.51,910160.342,0.4229,1.41,4.6984,0.5596,1.1888,1940591.8198,1940554.695,860090.6226,21385321.8542,21384912.7389
000001.SZ,20231011,11.09,11.09,10.96,10.98,11.02,-0.04,-0.363,724115.69,797663.827,0.3731,1.22,4.6814,0.5576,1.1845,1940591.8198,1940554.695,860090.6226,21307698.1814,21307290.5511
000001.SZ,20231012,11.11,11.16,11.04,11.11,10.98,0.13,1.184,853057.5,947562.325,0.4396,1.31,4.7368,0.5642,1.1985,1940591.8198,1940554.695,860090.6226,21559975.118,21559562.6615
000001.SZ,20231013,11.03,11.07,10.95,11.0,11.11,-0.11,-0.9901,684483.08,753110.726,0.3527,0.95,4.6899,0.5586,1.1866,1940591.8198,1940554.695,860090.6226,21346510.0178,21346101.645
000001.SZ,20231016,11.0,11.03,10.95,11.01,11.0,0.01,0.0909,501624.32,550988.72,0.2585,0.66,4.6942,0.5591,1.1877,1940591.8198,1940554.695,860090.6226,21365915.936,21365507.192
000001.SZ,20231017,11.01,11.05,10.96,11.02,11.01,0.01,0.0908,493525.05,543170.901,0.2543,0.69,4.6984,0.5596,1.1888,1940591.8198,1940554.695,860090.6226,21385321.8542,21384912.7389
000001.SZ,20231018,10.99,11.02,10.91,10.95,11.02,-0.07,-0.6352,651824.92,713979.896,0.3359,1.0,4.6686,0.5561,1.1812,1940591.8198,1940554.695,860090.6226,21249480.4268,21249073.9103
000001.SZ,20231019,10.91,10.92,10.59,10.6,10.95,-0.35,-3.1963,1188960.83,1271914.677,0.6127,1.87,4.5193,0.5383,1.1435,1940591.8198,1940554.695,860090.6226,20570273.2899,20569879.767
000001.SZ,20231020,10.55,10.67,10.51,10.6,10.6,0.0,0.0,526139.12,557618.632,0.2711,0.75,4.5193,0.5383,1.1435,1940591.8198,1940554.695,860090.6226,20570273.2899,20569879.767
000001.SZ,20231023,10.59,10.6,10.43,10.5,10.6,-0.1,-0.9434,530404.48,557032.229,0.2733,0.79,4.4767,0.5332,1.1327,1940591.8198,1940554.695,860090.6226,20376214.1079,20375824.2975
000001.SZ,20231024,10.54,10.61,10.44,10.55,10.5,0.05,0.4762,760652.69,801528.404,0.392,1.12,4.498,0.5358,1.1381,1940591.8198,1940554.695,860090.6226,20473243.6989,20472852.0323
000001.SZ,20231025,10.51,10.54,10.36,10.38,10.55,-0.17,-1.6114,1411449.68,1470971.924,0.7273,1.93,4.4256,0.5088,1.1197,1940591.8198,1940554.695,860090.6226,20143343.0895,20142957.7341
000001.SZ,20231026,10.31,10.42,10.3,10.41,10.38,0.03,0.289,599991.47,621915.277,0.3092,0.68,4.4383,0.5102,1.123,1940591.8198,1940554.695,816042.7512,20201560.8441,20201174.375
000001.SZ,20231027,10.38,10.48,10.33,10.45,10.41,0.04,0.3842,919771.36,957587.534,0.474,1.2,4.4554,0.5122,1.1273,1940591.8198,1940554.695,816042.7512,20279184.5169,20278796.5628
000001.SZ,20231030,10.4,10.47,10.35,10.45,10.45,0.0,0.0,805689.55,837646.002,0.4152,0.95,4.4554,0.5122,1.1273,1940591.8198,1940554.695,816042.7512,20279184.5169,20278796.5628
000001.SZ,20231031,10.43,10.49,10.41,10.46,10.45,0.01,0.0957,652855.23,682212.138,0.3364,0.73,4.4597,0.5127,1.1284,1940591.8198,1940554.695,816042.7512,20298590.4351,20298202.1097
000001.SZ,20231101,10.55,10.56,10.45,10.48,10.46,0.02,0.1912,567300.35,595211.885,0.2923,0.65,4.4682,0.5137,1.1305,1940591.8198,1940554.695,816042.7512,20337402.2715,20337013.2036
000001.SZ,20231102,10.5,10.6,10.47,10.48,10.48,0.0,0.0,619429.95,652316.67,0.3192,0.87,4.4682,0.5137,1.1305,1940591.8198,1940554.695,816042.7512,20337402.2715,20337013.2036
000001.SZ,20231103,10.49,10.52,10.43,10.48,10.48,0.0,0.0,705463.47,738879.704,0.3635,0.99,4.4682,0.5137,1.1305,1940591.8198,1940554.695,816042.7512,20337402.2715,20337013.2036
000001.SZ,20231106,10.51,10.69,10.51,10.69,10.48,0.21,2.0038,1007062.21,1069206.838,0.519,1.5,4.5577,0.524,1.1532,1940591.8198,1940554.695,816042.7512,20744926.5537,20744529.6896
000001.SZ,20231107,10.66,10.66,10.58,10.6,10.69,-0.09,-0.8419,640866.12,679815.569,0.3302,0.9,4.5193,0.5196,1.1435,1940591.8198,1940554.695,816042.7512,20570273.2899,20569879.767
000001.SZ,20231108,10.58,10.6,10.45,10.5,10.6,-0.1,-0.9434,877818.75,923622.008,0.4524,1.24,4.4767,0.5147,1.1327,1940591.8198,1940554.695,816042.7512,20376214.1079,20375824.2975
000001.SZ,20231109,10.46,10.52,10.43,10.49,10.5,-0.01,-0.0952,639136.48,669639.052,0.3294,0.83,4.4725,0.5142,1.1316,1940591.8198,1940554.695,816042.7512,20356808.1897,20356418.7506
000001.SZ,20231110,10.45,10.47,10.29,10.3,10.49,-0.19,-1.8112,1045044.17,1080649.734,0.5385,1.35,4.3914,0.5049,1.1111,1940591.8198,1940554.695,816042.7512,19988095.7439,19987713.3585
000001.SZ,20231113,10.31,10.33,10.22,10.25,10.3,-0.05,-0.4854,770043.1,789007.118,0.3968,0.91,4.3701,0.5024,1.1057,1940591.8198,1940554.695,816042.7512,19891066.153,19890685.6238
000001.SZ,20231114,10.24,10.33,10.23,10.27,10.25,0.02,0.1951,596858.88,613377.698,0.3076,0.75,4.3787,0.5034,1.1079,1940591.8198,1940554.695,816042.7512,19929877.9893,19929496.7177
000001.SZ,20231115,10.37,10.45,10.34,10.37,10.27,0.1,0.9737,1109140.15,1152154.78,0.5716,1.41,4.4213,0.5083,1.1186,1940591.8198,1940554.695,816042.7512,20123937.1713,20123552.1872
000001.SZ,20231116,10.38,10.39,10.23,10.24,10.37,-0.13,-1.2536,922621.94,948395.097,0.4754,1.11,4.3659,0.5019,1.1046,1940591.8198,1940554.695,816042.7512,19871660.2348,19871280.0768
000001.SZ,20231117,10.22,10.25,10.12,10.15,10.24,-0.09,-0.8789,903362.17,917616.681,0.4655,1.02,4.3275,0.4975,1.0949,1940591.8198,1940554.695,816042.7512,19697006.971,19696630.1543
000001.SZ,20231120,10.15,10.22,10.1,10.19,10.15,0.04,0.3941,639528.31,650077.37,0.3296,0.74,4.3445,0.4995,1.0992,1940591.8198,1940554.695,816042.7512,19774630.6438,19774252.3421
000001.SZ,20231121,10.23,10.35,10.22,10.28,10.19,0.09,0.8832,1041165.73,1072311.504,0.5365,1.25,4.3829,0.5039,1.1089,1940591.8198,1940554.695,816042.7512,19949283.9075,19948902.2646
000001.SZ,20231122,10.26,10.31,10.14,10.16,10.28,-0.12,-1.1673,737489.51,753064.758,0.38,0.8,4.3318,0.498,1.096,1940591.8198,1940554.695,816042.7512,19716412.8892,19716035.7012
000001.SZ,20231123,10.15,10.16,10.07,10.15,10.16,-0.01,-0.0984,846655.87,855904.312,0.4363,1.0,4.3275,0.4975,1.0949,1940591.8198,1940554.695,816042.7512,19697006.971,19696630.1543
000001.SZ,20231124,10.11,10.13,10.08,10.1,10.15,-0.05,-0.4926,684694.56,691423.444,0.3528,0.82,4.3062,0.4951,1.0895,1940591.8198,1940554.695,816042.7512,19599977.38,19599602.4195
000001.SZ,20231127,10.09,10.09,9.97,10.01,10.1,-0.09,-0.8911,836187.85,836268.369,0.4309,1.06,4.2678,0.4906,1.0798,1940591.8198,1940554.695,816042.7512,19425324.1162,19424952.497
000001.SZ,20231128,9.99,10.02,9.95,9.95,10.01,-0.06,-0.5994,786174.69,784405.805,0.4051,0.95,4.2422,0.4877,1.0733,1940591.8198,1940554.695,816042.7512,19308888.607,19308519.2153
000001.SZ,20231129,9.95,9.97,9.7,9.72,9.95,-0.23,-2.3116,1467596.62,1438320.264,0.7563,1.89,4.1442,0.4764,1.0485,1940591.8198,1940554.695,816042.7512,18862552.4885,18862191.6354
000001.SZ,20231130,9.69,9.73,9.62,9.68,9.72,-0.04,-0.4115,901764.57,871481.712,0.4647,0.98,4.1271,0.4745,1.0442,1940591.8198,1940554.695,816042.7512,18784928.8157,18784569.4476
000001.SZ,20231201,9.65,9.68,9.58,9.66,9.68,-0.02,-0.2066,778056.99,749668.364,0.4009,0.83,4.1186,0.4735,1.0421,1940591.8198,1940554.695,816042.7512,18746116.9793,18745758.3537
000001.SZ,20231204,9.67,9.68,9.61,9.63,9.66,-0.03,-0.3106,605437.85,583664.338,0.312,0.63,4.1058,0.472,1.0388,1940591.8198,1940554.695,816042.7512,18687899.2247,18687541.7129
000001.SZ,20231205,9.61,9.62,9.47,9.48,9.63,-0.15,-1.5576,787378.48,750961.22,0.4057,0.87,4.0418,0.4647,1.0226,1940591.8198,1940554.695,816042.7512,18396810.4517,18396458.5086
000001.SZ,20231206,9.44,9.57,9.4,9.5,9.48,0.02,0.211,753055.92,714029.469,0.3881,0.83,4.0504,0.4656,1.0248,1940591.8198,1940554.695,816042.7512,18435622.2881,18435269.6025
000001.SZ,20231207,9.49,9.49,9.38,9.44,9.5,-0.06,-0.6316,585380.19,552224.831,0.3017,0.77,4.0248,0.4627,1.0183,1940591.8198,1940554.695,816042.7512,18319186.7789,18318836.3208
000001.SZ,20231208,9.41,9.45,9.3,9.3,9.44,-0.14,-1.4831,1021151.5,957664.581,0.5262,1.45,3.9651,0.4558,1.0032,1940591.8198,1940554.695,816042.7512,18047503.9241,18047158.6635
000001.SZ,20231211,9.22,9.38,9.13,9.35,9.3,0.05,0.5376,1133662.81,1044765.735,0.5842,1.51,3.9864,0.4583,1.0086,1940591.8198,1940554.695,816042.7512,18144533.5151,18144186.3983
000001.SZ,20231212,9.31,9.5,9.3,9.42,9.35,0.07,0.7487,855016.42,805067.628,0.4406,1.0,4.0163,0.4617,1.0162,1940591.8198,1940554.695,816042.7512,18280374.9425,18280025.2269
000001.SZ,20231213,9.38,9.39,9.15,9.16,9.42,-0.26,-2.7601,1061301.65,981001.231,0.5469,1.22,3.9054,0.449,0.9881,1940591.8198,1940554.695,816042.7512,17775821.0694,17775481.0062
000001.SZ,20231214,9.21,9.28,9.15,9.15,9.16,-0.01,-0.1092,742900.56,683211.466,0.3828,0.8,3.9011,0.4485,0.987,1940591.8198,1940554.695,816042.7512,17756415.1512,17756075.4593
000001.SZ,20231215,9.2,9.35,9.19,9.21,9.15,0.06,0.6557,988939.42,915126.127,0.5096,1.03,3.9267,0.4514,0.9935,1940591.8198,1940554.695,816042.7512,17872850.6604,17872508.741
000001.SZ,20231218,9.18,9.24,9.09,9.13,9.21,-0.08,-0.8686,654425.62,599379.044,0.3372,0.68,3.8926,0.4475,0.9849,1940591.8198,1940554.695,816042.7512,17717603.3148,17717264.3654
000001.SZ,20231219,9.12,9.17,9.07,9.1,9.13,-0.03,-0.3286,644070.88,586716.664,0.3319,0.75,3.8798,0.446,0.9816,1940591.8198,1940554.695,816042.7512,17659385.5602,17659047.7245
000001.SZ,20231220,9.11,9.15,9.03,9.03,9.1,-0.07,-0.7692,715633.63,650511.343,0.3688,0.87,3.85,0.4426,0.9741,1940591.8198,1940554.695,816042.7512,17523544.1328,17523208.8959
000001.SZ,20231221,9.01,9.19,8.99,9.17,9.03,0.14,1.5504,1017046.76,925407.073,0.5241,1.36,3.9097,0.4495,0.9892,1940591.8198,1940554.695,816042.7512,17795226.9876,17794886.5532
000001.SZ,20231222,9.19,9.28,9.11,9.2,9.17,0.03,0.3272,1005645.02,924998.769,0.5182,1.25,3.9225,0.4509,0.9924,1940591.8198,1940554.695,816042.7512,17853444.7422,17853103.194
000001.SZ,20231225,9.18,9.2,9.14,9.19,9.2,-0.01,-0.1087,413970.88,379638.234,0.2133,0.51,3.9182,0.4505,0.9914,1940591.8198,1940554.695,816042.7512,17834038.824,17833697.6471
000001.SZ,20231226,9.19,9.2,9.07,9.1,9.19,-0.09,-0.9793,541896.33,493746.623,0.2792,0.71,3.8798,0.446,0.9816,1940591.8198,1940554.695,816042.7512,17659385.5602,17659047.7245
000001.SZ,20231227,9.1,9.13,9.02,9.12,9.1,0.02,0.2198,641534.35,582036.661,0.3306,0.87,3.8883,0.447,0.9838,1940591.8198,1940554.695,816042.7512,17698197.3966,17697858.8184
000001.SZ,20231228,9.11,9.47,9.08,9.45,9.12,0.33,3.6184,1661591.84,1550256.591,0.8562,2.29,4.029,0.4632,1.0194,1940591.8198,1940554.695,816042.7512,18338592.6971,18338241.8678
000001.SZ,20231229,9.42,9.48,9.35,9.39,9.45,-0.06,-0.6349,853852.79,803196.744,0.44,1.0,4.0035,0.4603,1.0129,1940591.8198,1940554.695,816042.7512,18222157.1879,18221808.5861
000001.SZ,20240102,9.39,9.42,9.21,9.21,9.39,-0.18,-1.9169,1158366.45,1075742.252,0.5969,1.41,3.9267,0.4514,0.9935,1940591.8198,1940554.695,816042.7512,17872850.6604,17872508.741
000001.SZ,20240103,9.19,9.22,9.15,9.2,9.21,-0.01,-0.1086,733610.31,673673.614,0.378,0.76,3.9225,0.4509,0.9924,1940591.8198,1940554.695,816042.7512,17853444.7422,17853103.194
000001.SZ,20240104,9.19,9.19,9.08,9.11,9.2,-0.09,-0.9783,864193.99,787470.082,0.4453,0.86,3.8841,0.4465,0.9827,1940591.8198,1940554.695,816042.7512,17678791.4784,17678453.2715
000001.SZ,20240105,9.1,9.44,9.07,9.27,9.11,0.16,1.7563,1991622.16,1852659.692,1.0263,1.89,3.9523,0.4544,1.0,1940591.8198,1940554.695,816042.7512,17989286.1695,17988942.0227
000001.SZ,20240108,9.23,9.3,9.11,9.15,9.27,-0.12,-1.2945,1121156.19,1029006.549,0.5778,1.0,3.9011,0.4485,0.987,1940591.8198,1940554.695,816042.7512,17756415.1512,17756075.4593
000001.SZ,20240109,9.16,9.19,9.09,9.18,9.15,0.03,0.3279,766193.88,700375.72,0.3948,0.65,3.9139,0.45,0.9903,1940591.8198,1940554.695,816042.7512,17814632.9058,17814292.1001
000001.SZ,20240110,9.16,9.19,9.09,9.09,9.18,-0.09,-0.9804,858620.91,783771.15,0.4425,0.78,3.8756,0.4455,0.9806,1940591.8198,1940554.695,816042.7512,17639979.642,17639642.1776
000001.SZ,20240111,9.08,9.22,9.03,9.17,9.09,0.08,0.8801,934686.37,853890.237,0.4817,0.83,3.9097,0.4495,0.9892,1940591.8198,1940554.695,816042.7512,17795226.9876,17794886.5532
000001.SZ,20240112,9.13,9.27,9.11,9.19,9.17,0.02,0.2181,772582.15,711018.266,0.3981,0.68,3.9182,0.4505,0.9914,1940591.8198,1940554.695,816042.7512,17834038.824,17833697.6471
000001.SZ,20240115,9.16,9.29,9.13,9.21,9.19,0.02,0.2176,745132.66,685950.951,0.384,0.84,3.9267,0.4514,0.9935,1940591.8198,1940554.695,816042.7512,17872850.6604,17872508.741
000001.SZ,20240116,9.19,9.35,9.16,9.34,9.21,0.13,1.4115,1438312.58,1334465.409,0.7412,1.76,3.9821,0.4578,1.0075,1940591.8198,1940554.695,816042.7512,18125127.5969,18124780.8513
000001.SZ,20240117,9.33,9.39,9.23,9.23,9.34,-0.11,-1.1777,1482296.21,1380725.065,0.7639,1.56,3.9352,0.4524,0.9957,1940591.8198,1940554.695,816042.7512,17911662.4968,17911319.8349
000001.SZ,20240118,9.21,9.24,9.0,9.2,9.23,-0.03,-0.325,1755132.47,1597853.727,0.9044,1.63,3.9225,0.4509,0.9924,1940591.8198,1940554.695,816042.7512,17853444.7422,17853103.194
000001.SZ,20240119,9.16,9.2,9.1,9.17,9.2,-0.03,-0.3261,963981.42,881865.024,0.4968,0.78,3.9097,0.4495,0.9892,1940591.8198,1940554.695,816042.7512,17795226.9876,17794886.5532
000001.SZ,20240122,9.16,9.26,9.04,9.1,9.17,-0.07,-0.7634,1580319.66,1449858.242,0.8144,1.24,3.8798,0.446,0.9816,1940591.8198,1940554.695,816042.7512,17659385.5602,17659047.7245
000001.SZ,20240123,9.05,9.18,8.96,9.16,9.1,0.06,0.6593,1135544.58,1030898.421,0.5852,0.79,3.9054,0.449,0.9881,1940591.8198,1940554.695,816042.7512,17775821.0694,17775481.0062
000001.SZ,20240124,9.23,9.34,9.07,9.33,9.16,0.17,1.8559,1759123.16,1620099.272,0.9065,1.27,3.9779,0.4573,1.0065,1940591.8198,1940554.695,816042.7512,18105721.6787,18105375.3044
000001.SZ,20240125,9.33,9.54,9.27,9.5,9.33,0.17,1.8221,2162513.95,2037648.413,1.1144,1.5,4.0504,0.4656,1.0248,1940591.8198,1940554.695,816042.7512,18435622.2881,18435269.6025
000001.SZ,20240126,9.47,9.67,9.44,9.62,9.5,0.12,1.2632,2272287.06,2172799.799,1.1709,1.49,4.1015,0.4715,1.0377,1940591.8198,1940554.695,816042.7512,18668493.3065,18668136.1659
000001.SZ,20240129,9.69,9.88,9.58,9.7,9.62,0.08,0.8316,2376251.84,2312173.346,1.2245,1.33,4.1356,0.4754,1.0464,1940591.8198,1940554.695,816042.7512,18823740.6521,18823380.5415
000001.SZ,20240130,9.61,9.7,9.49,9.5,9.7,-0.2,-2.0619,1579122.14,1515156.604,0.8137,0.81,4.0504,0.4656,1.0248,1940591.8198,1940554.695,816042.7512,18435622.2881,18435269.6025
000001.SZ,20240131,9.46,9.56,9.38,9.46,9.5,-0.04,-0.4211,1357217.47,1286857.397,0.6994,0.67,4.0333,0.4637,1.0205,1940591.8198,1940554.695,816042.7512,18357998.6153,18357647.4147
000001.SZ,20240201,9.41,9.48,9.34,9.41,9.46,-0.05,-0.5285,1055259.87,993481.907,0.5438,0.54,4.012,0.4612,1.0151,1940591.8198,1940554.695,816042.7512,18260969.0243,18260619.68
000001.SZ,20240202,9.42,9.47,9.07,9.27,9.41,-0.14,-1.4878,1634214.31,1520605.695,0.8421,0.95,3.9523,0.4544,1.0,1940591.8198,1940554.695,816042.7512,17989286.1695,17988942.0227
000001.SZ,20240205,9.19,9.43,9.11,9.38,9.27,0.11,1.1866,1803591.9,1674566.499,0.9294,1.13,3.9992,0.4598,1.0119,1940591.8198,1940554.695,816042.7512,18202751.2697,18202403.0391
000001.SZ,20240206,9.3,9.68,9.29,9.68,9.38,0.3,3.1983,1995409.54,1900324.218,1.0283,1.34,4.1271,0.4745,1.0442,1940591.8198,1940554.695,816042.7512,18784928.8157,18784569.4476
000001.SZ,20240207,9.62,9.67,9.48,9.61,9.68,-0.07,-0.7231,2062014.97,1975435.102,1.0626,1.31,4.0973,0.471,1.0367,1940591.8198,1940554.695,816042.7512,18649087.3883,18648730.619
000001.SZ,20240208,9.58,9.67,9.52,9.67,9.61,0.06,0.6243,1656813.84,1593505.69,0.8538,0.97,4.1228,0.474,1.0431,1940591.8198,1940554.695,816042.7512,18765522.8975,18765163.9007
000001.SZ,20240219,9.76,9.81,9.65,9.81,9.67,0.14,1.4478,1605242.65,1564088.445,0.8272,0.88,4.1825,0.4808,1.0582,1940591.8198,1940554.695,816042.7512,19037205.7522,19036841.558
000001.SZ,20240220,9.79,9.84,9.73,9.82,9.81,0.01,0.1019,1123563.98,1098987.813,0.579,0.62,4.1868,0.4813,1.0593,1940591.8198,1940554.695,816042.7512,19056611.6704,19056247.1049
000001.SZ,20240221,9.78,10.8,9.77,10.8,9.82,0.98,9.9796,5055284.6,5295259.397,2.6051,2.99,4.6046,0.5294,1.165,1940591.8198,1940554.695,816042.7512,20958391.6538,20957990.706
000001.SZ,20240222,10.65,10.91,10.62,10.9,10.8,0.1,0.9259,4922325.12,5307736.374,2.5366,2.14,4.6473,0.5343,1.1758,1940591.8198,1940554.695,816042.7512,21152450.8358,21152046.1755
000001.SZ,20240223,10.88,11.24,10.84,10.85,10.9,-0.05,-0.4587,3567479.5,3917316.282,1.8384,1.24,4.6259,0.5318,1.1704,1940591.8198,1940554.695,816042.7512,21055421.2448,21055018.4408
000001.SZ,20240226,10.78,10.88,10.5,10.53,10.85,-0.32,-2.9493,2862608.88,3048205.025,1.4751,0.88,4.4895,0.5161,1.1359,1940591.8198,1940554.695,816042.7512,20434431.8625,20434040.9384
000001.SZ,20240227,10.49,10.6,10.46,10.5,10.53,-0.03,-0.2849,1981904.92,2083027.074,1.0213,0.57,4.4767,0.5147,1.1327,1940591.8198,1940554.695,816042.7512,20376214.1079,20375824.2975
000001.SZ,20240228,10.51,10.7,10.4,10.49,10.5,-0.01,-0.0952,3082692.65,3253340.358,1.5886,0.84,4.4725,0.5142,1.1316,1940591.8198,1940554.695,816042.7512,20356808.1897,20356418.7506
000001.SZ,20240229,10.42,10.59,10.41,10.59,10.49,0.1,0.9533,1845344.23,1936020.983,0.9509,0.56,4.5151,0.5191,1.1424,1940591.8198,1940554.695,816042.7512,20550867.3717,20550474.2201
000001.SZ,20240301,10.59,10.6,10.43,10.49,10.59,-0.1,-0.9443,1828102.9,1917689.307,0.9421,0.69,4.4725,0.5142,1.1316,1940591.8198,1940554.695,816042.7512,20356808.1897,20356418.7506
000001.SZ,20240304,10.45,10.5,10.32,10.33,10.49,-0.16,-1.5253,1655929.54,1719562.862,0.8533,0.71,4.4042,0.5063,1.1143,1940591.8198,1940554.695,816042.7512,20046313.4985,20045929.9994
000001.SZ,20240305,10.3,10.47,10.26,10.43,10.33,0.1,0.9681,1817319.07,1889144.33,0.9365,0.87,4.4469,0.5112,1.1251,1940591.8198,1940554.695,816042.7512,20240372.6805,20239985.4689
000001.SZ,20240306,10.4,10.45,10.33,10.33,10.43,-0.1,-0.9588,1345640.16,1396940.06,0.6934,0.66,4.4042,0.5063,1.1143,1940591.8198,1940554.695,816042.7512,20046313.4985,20045929.9994
000001.SZ,20240307,10.33,10.64,10.33,10.38,10.33,0.05,0.484,2016165.89,2109589.237,1.039,1.19,4.4256,0.5088,1.1197,1940591.8198,1940554.695,816042.7512,20143343.0895,20142957.7341
000001.SZ,20240308,10.35,10.44,10.3,10.38,10.38,0.0,0.0,1113974.28,1154491.251,0.574,0.64,4.4256,0.5088,1.1197,1940591.8198,1940554.695,816042.7512,20143343.0895,20142957.7341
000001.SZ,20240311,10.38,10.47,10.34,10.47,10.38,0.09,0.8671,1210672.98,1260212.02,0.6239,0.76,4.4639,0.5132,1.1294,1940591.8198,1940554.695,816042.7512,20317996.3533,20317607.6567
000001.SZ,20240312,10.48,10.59,10.41,10.56,10.47,0.09,0.8596,1641262.37,1721999.708,0.8458,1.09,4.5023,0.5176,1.1391,1940591.8198,1940554.695,816042.7512,20492649.6171,20492257.5792
000001.SZ,20240313,10.53,10.55,10.3,10.33,10.56,-0.23,-2.178,1768039.11,1834654.994,0.9111,1.21,4.4042,0.5063,1.1143,1940591.8198,1940554.695,816042.7512,20046313.4985,20045929.9994
000001.SZ,20240314,10.3,10.38,10.2,10.23,10.33,-0.1,-0.9681,1409399.73,1448499.698,0.7263,0.91,4.3616,0.5014,1.1035,1940591.8198,1940554.695,816042.7512,19852254.3166,19851874.5299
000001.SZ,20240315,10.55,10.75,10.5,10.6,10.23,0.37,3.6168,3750207.89,3973799.131,1.9325,2.62,4.428,0.5112,1.249,1940591.8198,1940554.695,816042.7512,20570273.2899,20569879.767
000001.SZ,20240318,10.56,10.61,10.49,10.54,10.6,-0.06,-0.566,1671396.51,1761249.15,0.8613,0.85,4.4029,0.5083,1.2419,1940591.8198,1940554.695,816042.7512,20453837.7807,20453446.4853
000001.SZ,20240319,10.53,10.54,10.39,10.4,10.54,-0.14,-1.3283,1293215.58,1351069.63,0.6664,0.63,4.3445,0.5016,1.2254,1940591.8198,1940554.695,816042.7512,20182154.9259,20181768.828
000001.SZ,20240320,10.38,10.47,10.37,10.45,10.4,0.05,0.4808,872663.16,910278.573,0.4497,0.44,4.3653,0.504,1.2313,1940591.8198,1940554.695,816042.7512,20279184.5169,20278796.5628
000001.SZ,20240321,10.45,10.52,10.42,10.47,10.45,0.02,0.1914,864466.25,905422.294,0.4455,0.48,4.3737,0.5049,1.2336,1940591.8198,1940554.695,816042.7512,20317996.3533,20317607.6567
000001.SZ,20240322,10.45,10.45,10.31,10.36,10.47,-0.11,-1.0506,1028141.74,1065535.606,0.5298,0.61,4.3277,0.4996,1.2207,1940591.8198,1940554.695,816042.7512,20104531.2531,20104146.6402
000001.SZ,20240325,10.35,10.49,10.32,10.4,10.36,0.04,0.3861,953202.21,993304.12,0.4912,0.83,4.3445,0.5016,1.2254,1940591.8198,1940554.695,816042.7512,20182154.9259,20181768.828
000001.SZ,20240326,10.45,10.66,10.42,10.6,10.4,0.2,1.9231,1740021.46,1835376.191,0.8967,1.74,4.428,0.5112,1.249,1940591.8198,1940554.695,816042.7512,20570273.2899,20569879.767
000001.SZ,20240327,10.56,10.63,10.51,10.53,10.6,-0.07,-0.6604,1274135.99,1347397.15,0.6566,1.17,4.3988,0.5078,1.2407,1940591.8198,1940554.695,816042.7512,20434431.8625,20434040.9384
000001.SZ,20240328,10.51,10.57,10.38,10.49,10.53,-0.04,-0.3799,1302188.92,1362980.388,0.671,1.11,4.382,0.5059,1.236,1940591.8198,1940554.695,816042.7512,20356808.1897,20356418.7506
000001.SZ,20240329,10.45,10.57,10.43,10.52,10.49,0.03,0.286,872758.98,917332.316,0.4497,0.69,4.3946,0.5074,1.2395,1940591.8198,1940554.695,816042.7512,20415025.9443,20414635.3914
000001.SZ,20240401,10.52,10.65,10.51,10.64,10.52,0.12,1.1407,1191087.96,1261770.38,0.6138,0.97,4.4447,0.5131,1.2537,1940591.8198,1940554.695,816042.7512,20647896.9627,20647501.9548
000001.SZ,20240402,10.63,10.68,10.53,10.55,10.64,-0.09,-0.8459,1085458.26,1149700.8,0.5594,0.85,4.4071,0.5088,1.2431,1940591.8198,1940554.695,816042.7512,20473243.6989,20472852.0323
000001.SZ,20240403,10.53,10.55,10.42,10.46,10.55,-0.09,-0.8531,981845.85,1028648.883,0.506,0.86,4.3695,0.5045,1.2325,1940591.8198,1940554.695,816042.7512,20298590.4351,20298202.1097
000001.SZ,20240408,10.42,10.49,10.37,10.43,10.46,-0.03,-0.2868,906360.52,945290.441,0.4671,0.83,4.357,0.503,1.2289,1940591.8198,1940554.695,816042.7512,20240372.6805,20239985.4689
000001.SZ,20240409,10.43,10.47,10.36,10.4,10.43,-0.03,-0.2876,857156.73,891468.991,0.4417,0.85,4.3445,0.5016,1.2254,1940591.8198,1940554.695,816042.7512,20182154.9259,20181768.828
000001.SZ,20240410,10.38,10.41,10.27,10.28,10.4,-0.12,-1.1538,1246390.82,1288696.196,0.6423,1.24,4.2943,0.4958,1.2113,1940591.8198,1940554.695,816042.7512,19949283.9075,19948902.2646
000001.SZ,20240411,10.24,10.29,10.12,10.25,10.28,-0.03,-0.2918,1010213.4,1030820.137,0.5206,0.99,4.2818,0.4943,1.2077,1940591.8198,1940554.695,816042.7512,19891066.153,19890685.6238
000001.SZ,20240412,10.22,10.27,10.04,10.06,10.25,-0.19,-1.8537,1305453.71,1322011.754,0.6727,1.3,4.2024,0.4852,1.1853,1940591.8198,1940554.695,816042.7512,19522353.7072,19521980.2317
000001.SZ,20240415,10.07,10.32,10.06,10.29,10.06,0.23,2.2863,1453202.6,1486326.196,0.7489,1.36,4.2985,0.4963,1.2124,1940591.8198,1940554.695,816042.7512,19968689.8257,19968307.8116
000001.SZ,20240416,10.28,10.39,10.22,10.28,10.29,-0.01,-0.0972,1478036.43,1523138.499,0.7617,1.26,4.2943,0.4958,1.2113,1940591.8198,1940554.695,816042.7512,19949283.9075,19948902.2646
000001.SZ,20240417,10.26,10.63,10.21,10.62,10.28,0.34,3.3074,2232640.57,2337576.587,1.1505,1.72,4.4364,0.5122,1.2513,1940591.8198,1940554.695,816042.7512,20609085.1263,20608690.8609
000001.SZ,20240418,10.58,11.03,10.56,10.8,10.62,0.18,1.6949,3165914.26,3427338.982,1.6314,2.12,4.5115,0.5209,1.2725,1940591.8198,1940554.695,816042.7512,20958391.6538,20957990.706
000001.SZ,20240419,10.71,10.82,10.66,10.69,10.8,-0.11,-1.0185,1457675.02,1562376.147,0.7512,0.76,4.4656,0.5156,1.2596,1940591.8198,1940554.695,816042.7512,20744926.5537,20744529.6896
000001.SZ,20240422,10.64,10.81,10.45,10.5,10.69,-0.19,-1.7774,2009818.37,2125722.741,1.0357,1.03,4.3862,0.4902,1.2372,1940591.8198,1940554.695,816042.7512,20376214.1079,20375824.2975
000001.SZ,20240423,10.51,10.65,10.46,10.54,10.5,0.04,0.381,1240027.0,1308866.093,0.639,0.6,4.4029,0.4921,1.2419,1940591.8198,1940554.695,816042.7512,20453837.7807,20453446.4853
000001.SZ,20240424,10.52,10.57,10.46,10.53,10.54,-0.01,-0.0949,941567.74,989093.538,0.4852,0.47,4.3988,0.4916,1.2407,1940591.8198,1940554.695,816042.7512,20434431.8625,20434040.9384
000001.SZ,20240425,10.5,10.62,10.48,10.61,10.53,0.08,0.7597,1113812.24,1176304.525,0.574,0.63,4.4322,0.4954,1.2501,1940591.8198,1940554.695,816042.7512,20589679.2081,20589285.314
000001.SZ,20240426,10.59,10.67,10.48,10.6,10.61,-0.01,-0.0943,1607627.51,1698581.437,0.8284,1.19,4.428,0.4949,1.249,1940591.8198,1940554.695,816042.7512,20570273.2899,20569879.767
000001.SZ,20240429,10.56,10.9,10.52,10.81,10.6,0.21,1.9811,2169177.37,2337350.884,1.1178,1.57,4.5157,0.5047,1.2737,1940591.8198,1940554.695,816042.7512,20977797.572,20977396.253
000001.SZ,20240430,10.8,10.88,10.73,10.79,10.81,-0.02,-0.185,1324556.53,1431407.709,0.6826,0.94,4.5074,0.5038,1.2713,1940591.8198,1940554.695,816042.7512,20938985.7356,20938585.1591
000001.SZ,20240506,10.96,11.11,10.84,10.89,10.79,0.1,0.9268,1784100.57,1953817.493,0.9194,1.25,4.5491,0.5085,1.2831,1940591.8198,1940554.695,816042.7512,21133044.9176,21132640.6286
000001.SZ,20240507,10.87,10.89,10.76,10.88,10.89,-0.01,-0.0918,1087056.65,1176786.413,0.5602,0.68,4.545,0.508,1.282,1940591.8198,1940554.695,816042.7512,21113638.9994,21113235.0816
000001.SZ,20240508,10.84,10.88,10.71,10.73,10.88,-0.15,-1.3787,1221791.27,1318612.0,0.6296,0.77,4.4823,0.501,1.2643,1940591.8198,1940554.695,816042.7512,20822550.2265,20822151.8774
000001.SZ,20240509,10.71,10.82,10.71,10.76,10.73,0.03,0.2796,1069460.63,1150726.858,0.5511,0.7,4.4948,0.5024,1.2678,1940591.8198,1940554.695,816042.7512,20880767.981,20880368.5182
000001.SZ,20240510,10.77,10.96,10.76,10.94,10.76,0.18,1.6729,1767835.61,1923452.177,0.911,1.36,4.57,0.5108,1.289,1940591.8198,1940554.695,816042.7512,21230074.5086,21229668.3633
000001.SZ,20240513,10.9,11.01,10.81,10.97,10.94,0.03,0.2742,1402498.6,1530058.92,0.7227,1.01,4.5826,0.5122,1.2926,1940591.8198,1940554.695,816042.7512,21288292.2632,21287885.0042
000001.SZ,20240514,11.0,11.06,10.88,10.91,10.97,-0.06,-0.5469,1075783.91,1176577.328,0.5544,0.82,4.5575,0.5094,1.2855,1940591.8198,1940554.695,816042.7512,21171856.754,21171451.7225
000001.SZ,20240515,10.9,10.92,10.81,10.83,10.91,-0.08,-0.7333,868296.6,942907.951,0.4474,0.66,4.5241,0.5057,1.2761,1940591.8198,1940554.695,816042.7512,21016609.4084,21016207.3469
000001.SZ,20240516,10.85,11.21,10.83,11.17,10.83,0.34,3.1394,3076291.65,3410151.917,1.5853,2.49,4.6661,0.5215,1.3161,1940591.8198,1940554.695,816042.7512,21676410.6272,21675995.9432
000001.SZ,20240517,11.18,11.42,11.13,11.42,11.17,0.25,2.2381,2841748.85,3200736.554,1.4644,1.73,4.7705,0.5332,1.3456,1940591.8198,1940554.695,816042.7512,22161558.5821,22161134.6169
000001.SZ,20240520,11.43,11.53,11.31,11.38,11.42,-0.04,-0.3503,2170210.3,2475290.152,1.1183,1.17,4.7538,0.5313,1.3409,1940591.8198,1940554.695,816042.7512,22083934.9093,22083512.4291
000001.SZ,20240521,11.32,11.62,11.31,11.55,11.38,0.17,1.4938,2030049.41,2336192.875,1.0461,1.01,4.8248,0.5393,1.3609,1940591.8198,1940554.695,816042.7512,22413835.5187,22413406.7273
000001.SZ,20240522,11.56,11.74,11.46,11.56,11.55,0.01,0.0866,2115531.38,2458448.97,1.0902,0.96,4.829,0.5397,1.3621,1940591.8198,1940554.695,816042.7512,22433241.4369,22432812.2742
000001.SZ,20240523,11.53,11.59,11.37,11.4,11.56,-0.16,-1.3841,1841622.9,2110799.282,0.949,0.75,4.7622,0.5323,1.3432,1940591.8198,1940554.695,816042.7512,22122746.7457,22122323.523
000001.SZ,20240524,11.37,11.49,11.3,11.31,11.4,-0.09,-0.7895,1398275.84,1593330.336,0.7206,0.64,4.7246,0.5281,1.3326,1940591.8198,1940554.695,816042.7512,21948093.4819,21947673.6005
000001.SZ,20240527,11.31,11.53,11.31,11.51,11.31,0.2,1.7683,1454361.43,1663272.118,0.7495,0.76,4.8081,0.5374,1.3562,1940591.8198,1940554.695,816042.7512,22336211.8459,22335784.5395
000001.SZ,20240528,11.5,11.58,11.36,11.4,11.51,-0.11,-0.9557,1204322.85,1377107.204,0.6206,0.68,4.7622,0.5323,1.3432,1940591.8198,1940554.695,816042.7512,22122746.7457,22122323.523
000001.SZ,20240529,11.38,11.45,11.23,11.26,11.4,-0.14,-1.2281,1444811.11,1635445.613,0.7445,0.9,4.7037,0.5257,1.3267,1940591.8198,1940554.695,816042.7512,21851063.8909,21850645.8657
000001.SZ,20240530,11.24,11.34,11.06,11.12,11.26,-0.14,-1.2433,1325496.35,1481608.711,0.6831,0.9,4.6452,0.5192,1.3102,1940591.8198,1940554.695,816042.7512,21579381.0362,21578968.2084
000001.SZ,20240531,11.14,11.19,11.11,11.11,11.12,-0.01,-0.0899,826706.76,921248.146,0.426,0.61,4.641,0.5187,1.3091,1940591.8198,1940554.695,816042.7512,21559975.118,21559562.6615
000001.SZ,20240603,11.12,11.13,10.91,10.98,11.11,-0.13,-1.1701,1326696.75,1456086.024,0.6837,1.06,4.5867,0.5127,1.2937,1940591.8198,1940554.695,816042.7512,21307698.1814,21307290.5511
000001.SZ,20240604,10.95,11.05,10.91,11.02,10.98,0.04,0.3643,981004.95,1079356.561,0.5055,0.8,4.6034,0.5145,1.2984,1940591.8198,1940554.695,816042.7512,21385321.8542,21384912.7389
000001.SZ,20240605,11.04,11.07,10.87,10.87,11.02,-0.15,-1.3612,1018967.75,1114155.999,0.5251,0.86,4.5408,0.5075,1.2808,1940591.8198,1940554.695,816042.7512,21094233.0812,21093829.5347
000001.SZ,20240606,10.9,10.98,10.88,10.9,10.87,0.03,0.276,1049331.53,1145989.426,0.5407,0.96,4.5533,0.5089,1.2843,1940591.8198,1940554.695,816042.7512,21152450.8358,21152046.1755
000001.SZ,20240607,10.92,11.01,10.89,10.99,10.9,0.09,0.8257,1170126.04,1281662.986,0.603,1.12,4.5909,0.5131,1.2949,1940591.8198,1940554.695,816042.7512,21327104.0996,21326696.0981
000001.SZ,20240611,10.98,11.02,10.79,10.87,10.99,-0.12,-1.0919,1337628.54,1452841.957,0.6893,1.21,4.5408,0.5075,1.2808,1940591.8198,1940554.695,816042.7512,21094233.0812,21093829.5347
000001.SZ,20240612,10.85,10.91,10.78,10.88,10.87,0.01,0.092,957426.35,1037927.497,0.4934,0.86,4.545,0.508,1.282,1940591.8198,1940554.695,816042.7512,21113638.9994,21113235.0816
000001.SZ,20240613,10.89,10.93,10.8,10.8,10.88,-0.08,-0.7353,1203507.79,1304403.407,0.6202,1.09,4.5115,0.5043,1.2725,1940591.8198,1940554.695,816042.7512,20958391.6538,20957990.706
000001.SZ,20240614,10.15,10.23,9.99,10.18,10.08,0.1,0.9921,1637990.47,1657433.955,0.8441,1.43,4.2526,0.4918,1.1995,1940591.8198,1940554.695,816042.7512,19755224.7256,19754846.7951
000001.SZ,20240617,10.13,10.16,10.08,10.1,10.18,-0.08,-0.7859,681217.02,688669.914,0.351,0.54,4.2191,0.488,1.19,1940591.8198,1940554.695,816042.7512,19599977.38,19599602.4195
000001.SZ,20240618,10.11,10.16,10.04,10.08,10.1,-0.02,-0.198,700653.08,707829.472,0.3611,0.6,4.2108,0.487,1.1877,1940591.8198,1940554.695,816042.7512,19561165.5436,19560791.3256
000001.SZ,20240619,10.1,10.21,10.08,10.15,10.08,0.07,0.6944,796184.18,807676.192,0.4103,0.77,4.24,0.4904,1.1959,1940591.8198,1940554.695,816042.7512,19697006.971,19696630.1543
000001.SZ,20240620,10.16,10.17,10.05,10.05,10.15,-0.1,-0.9852,629627.57,635070.262,0.3245,0.63,4.1982,0.4855,1.1842,1940591.8198,1940554.695,816042.7512,19502947.789,19502574.6848
000001.SZ,20240621,10.05,10.09,9.95,10.0,10.05,-0.05,-0.4975,830545.28,831176.895,0.428,0.93,4.1774,0.4831,1.1783,1940591.8198,1940554.695,816042.7512,19405918.198,19405546.95
000001.SZ,20240624,9.97,10.07,9.88,9.98,10.0,-0.02,-0.2,947081.54,944907.466,0.488,1.3,4.169,0.4822,1.1759,1940591.8198,1940554.695,816042.7512,19367106.3616,19366735.8561
000001.SZ,20240625,9.99,10.13,9.98,10.08,9.98,0.1,1.002,769992.81,775332.072,0.3968,0.99,4.2108,0.487,1.1877,1940591.8198,1940554.695,816042.7512,19561165.5436,19560791.3256
000001.SZ,20240626,10.06,10.13,10.02,10.08,10.08,0.0,0.0,628598.71,633763.882,0.3239,0.79,4.2108,0.487,1.1877,1940591.8198,1940554.695,816042.7512,19561165.5436,19560791.3256
000001.SZ,20240627,10.06,10.21,10.0,10.13,10.08,0.05,0.496,928881.97,938954.398,0.4787,1.22,4.2317,0.4894,1.1936,1940591.8198,1940554.695,816042.7512,19658195.1346,19657819.0604
000001.SZ,20240628,10.1,10.26,10.09,10.15,10.13,0.02,0.1974,918089.92,933947.813,0.4731,1.12,4.24,0.4904,1.1959,1940591.8198,1940554.695,816042.7512,19697006.971,19696630.1543
000001.SZ,20240701,10.09,10.35,10.04,10.35,10.15,0.2,1.9704,1343051.49,1372549.62,0.6921,1.6,4.3236,0.5,1.2195,1940591.8198,1940554.695,816042.7512,20085125.3349,20084741.0933
000001.SZ,20240702,10.3,10.48,10.28,10.4,10.35,0.05,0.4831,1384385.7,1440864.391,0.7134,1.51,4.3445,0.5024,1.2254,1940591.8198,1940554.695,816042.7512,20182154.9259,20181768.828
000001.SZ,20240703,10.4,10.43,10.29,10.31,10.4,-0.09,-0.8654,713067.46,737326.421,0.3675,0.69,4.3069,0.4981,1.2148,1940591.8198,1940554.695,816042.7512,20007501.6621,20007118.9055
000001.SZ,20240704,10.3,10.38,10.25,10.26,10.31,-0.05,-0.485,735044.24,757464.387,0.3788,0.7,4.286,0.4957,1.2089,1940591.8198,1940554.695,816042.7512,19910472.0711,19910091.1707
000001.SZ,20240705,10.26,10.29,9.92,9.97,10.26,-0.29,-2.8265,1713353.86,1721256.576,0.8829,1.68,4.1648,0.4817,1.1747,1940591.8198,1940554.695,816042.7512,19347700.4434,19347330.3092
000001.SZ,20240708,9.94,10.02,9.85,9.93,9.97,-0.04,-0.4012,868659.62,864791.776,0.4476,0.74,4.1481,0.4797,1.17,1940591.8198,1940554.695,816042.7512,19270076.7706,19269708.1214
000001.SZ,20240709,9.94,10.1,9.91,10.07,9.93,0.14,1.4099,1032485.3,1034316.511,0.5321,0.95,4.2066,0.4865,1.1865,1940591.8198,1940554.695,816042.7512,19541759.6254,19541385.7787
000001.SZ,20240710,10.07,10.2,10.05,10.14,10.07,0.07,0.6951,873865.11,886626.727,0.4503,0.86,4.2358,0.4899,1.1948,1940591.8198,1940554.695,816042.7512,19677601.0528,19677224.6073
000001.SZ,20240711,10.21,10.23,10.07,10.13,10.14,-0.01,-0.0986,721392.25,731789.332,0.3717,0.69,4.2317,0.4894,1.1936,1940591.8198,1940554.695,816042.7512,19658195.1346,19657819.0604
000001.SZ,20240712,10.12,10.31,10.12,10.31,10.13,0.18,1.7769,1214163.69,1246877.666,0.6257,1.17,4.3069,0.4981,1.2148,1940591.8198,1940554.695,816042.7512,20007501.6621,20007118.9055
000001.SZ,20240715,10.31,10.35,10.26,10.33,10.31,0.02,0.194,869412.47,896975.833,0.448,0.92,4.3152,0.4991,1.2171,1940591.8198,1940554.695,816042.7512,20046313.4985,20045929.9994
000001.SZ,20240716,10.33,10.37,10.24,10.3,10.33,-0.03,-0.2904,943008.11,971564.895,0.4859,1.0,4.3027,0.4976,1.2136,1940591.8198,1940554.695,816042.7512,19988095.7439,19987713.3585
000001.SZ,20240717,10.3,10.42,10.28,10.4,10.3,0.1,0.9709,1220168.35,1266412.58,0.6288,1.32,4.3445,0.5024,1.2254,1940591.8198,1940554.695,816042.7512,20182154.9259,20181768.828
000001.SZ,20240718,10.38,10.43,10.3,10.41,10.4,0.01,0.0962,1087061.02,1127365.071,0.5602,1.09,4.3486,0.5029,1.2266,1940591.8198,1940554.695,816042.7512,20201560.8441,20201174.375
000001.SZ,20240719,10.38,10.42,10.29,10.37,10.41,-0.04,-0.3842,898723.24,929722.662,0.4631,0.84,4.3319,0.501,1.2219,1940591.8198,1940554.695,816042.7512,20123937.1713,20123552.1872
000001.SZ,20240722,10.36,10.38,10.19,10.23,10.37,-0.14,-1.35,994480.87,1018663.806,0.5125,0.99,4.2734,0.4942,1.2054,1940591.8198,1940554.695,816042.7512,19852254.3166,19851874.5299
000001.SZ,20240723,10.25,10.33,10.16,10.18,10.23,-0.05,-0.4888,1020153.63,1046994.471,0.5257,0.99,4.2526,0.4918,1.1995,1940591.8198,1940554.695,816042.7512,19755224.7256,19754846.7951
000001.SZ,20240724,10.18,10.24,10.12,10.13,10.18,-0.05,-0.4912,724517.57,736332.832,0.3734,0.69,4.2317,0.4894,1.1936,1940591.8198,1940554.695,816042.7512,19658195.1346,19657819.0604
000001.SZ,20240725,10.12,10.15,10.0,10.09,10.13,-0.04,-0.3949,856404.43,861750.366,0.4413,0.91,4.215,0.4875,1.1889,1940591.8198,1940554.695,816042.7512,19580571.4618,19580196.8726
000001.SZ,20240726,10.1,10.12,9.97,10.03,10.09,-0.06,-0.5946,929551.95,931879.546,0.479,1.03,4.1899,0.4846,1.1818,1940591.8198,1940554.695,816042.7512,19464135.9526,19463763.5909
000001.SZ,20240729,10.02,10.14,9.97,10.11,10.03,0.08,0.7976,781552.43,788019.059,0.4027,0.86,4.2233,0.4884,1.1912,1940591.8198,1940554.695,816042.7512,19619383.2982,19619007.9665
000001.SZ,20240730,10.1,10.13,10.03,10.08,10.11,-0.03,-0.2967,613267.95,618056.61,0.316,0.71,4.2108,0.487,1.1877,1940591.8198,1940554.695,816042.7512,19561165.5436,19560791.3256
000001.SZ,20240731,10.08,10.28,10.07,10.27,10.08,0.19,1.8849,1096906.34,1117768.675,0.5653,1.4,4.2901,0.4962,1.2101,1940591.8198,1940554.695,816042.7512,19929877.9893,19929496.7177
000001.SZ,20240801,10.25,10.32,10.17,10.27,10.27,0.0,0.0,733883.77,752688.22,0.3782,0.86,4.2901,0.4962,1.2101,1940591.8198,1940554.695,816042.7512,19929877.9893,19929496.7177
000001.SZ,20240802,10.22,10.25,10.13,10.14,10.27,-0.13,-1.2658,590228.76,601173.371,0.3042,0.71,4.2358,0.4899,1.1948,1940591.8198,1940554.695,816042.7512,19677601.0528,19677224.6073
000001.SZ,20240805,10.11,10.22,10.05,10.05,10.14,-0.09,-0.8876,758978.52,768980.625,0.3911,0.99,4.1982,0.4855,1.1842,1940591.8198,1940554.695,816042.7512,19502947.789,19502574.6848
000001.SZ,20240806,10.07,10.12,9.89,9.93,10.05,-0.12,-1.194,1265536.91,1261997.757,0.6522,1.67,4.1481,0.4797,1.17,1940591.8198,1940554.695,816042.7512,19270076.7706,19269708.1214
000001.SZ,20240807,9.95,9.98,9.91,9.93,9.93,0.0,0.0,517608.42,514848.813,0.2667,0.58,4.1481,0.4797,1.17,1940591.8198,1940554.695,816042.7512,19270076.7706,19269708.1214
000001.SZ,20240808,9.92,9.98,9.9,9.94,9.93,0.01,0.1007,500410.67,497548.149,0.2579,0.65,4.1523,0.4802,1.1712,1940591.8198,1940554.695,816042.7512,19289482.6888,19289113.6683
000001.SZ,20240809,9.96,10.1,9.94,10.04,9.94,0.1,1.006,730273.96,732886.456,0.3763,1.01,4.1941,0.4851,1.183,1940591.8198,1940554.695,816042.7512,19483541.8708,19483169.1378
000001.SZ,20240812,10.02,10.05,9.98,10.01,10.04,-0.03,-0.2988,353013.46,353251.351,0.1819,0.47,4.1815,0.4836,1.1794,1940591.8198,1940554.695,816042.7512,19425324.1162,19424952.497
000001.SZ,20240813,10.02,10.03,9.92,9.95,10.01,-0.06,-0.5994,622077.2,620061.492,0.3206,0.92,4.1565,0.4807,1.1724,1940591.8198,1940554.695,816042.7512,19308888.607,19308519.2153
000001.SZ,20240814,9.94,9.98,9.91,9.92,9.95,-0.03,-0.3015,436380.38,433380.447,0.2249,0.8,4.1439,0.4793,1.1688,1940591.8198,1940554.695,816042.7512,19250670.8524,19250302.5744
000001.SZ,20240815,9.92,10.06,9.87,10.03,9.92,0.11,1.1089,776247.47,775851.461,0.4,1.47,4.1899,0.4846,1.1818,1940591.8198,1940554.695,816042.7512,19464135.9526,19463763.5909
000001.SZ,20240816,10.08,10.21,10.05,10.13,10.03,0.1,0.997,1260367.61,1277042.001,0.6495,2.16,4.2317,0.4772,1.1936,1940591.8198,1940561.7528,816049.809,19658195.1346,19657890.5559
000001.SZ,20240819,10.13,10.3,10.12,10.29,10.13,0.16,1.5795,1482985.26,1520594.688,0.7642,2.15,4.2985,0.4848,1.2124,1940591.8198,1940561.7528,816049.809,19968689.8257,19968380.4363
000001.SZ,20240820,10.32,10.43,10.28,10.34,10.29,0.05,0.4859,1569186.65,1623147.686,0.8086,1.71,4.3194,0.4871,1.2183,1940591.8198,1940561.7528,816049.809,20065719.4167,20065408.524
000001.SZ,20240821,10.3,10.38,10.21,10.35,10.34,0.01,0.0967,1034887.81,1068207.868,0.5333,0.94,4.3236,0.4876,1.2195,1940591.8198,1940561.7528,816049.809,20085125.3349,20084814.1415
000001.SZ,20240822,10.34,10.45,10.32,10.38,10.35,0.03,0.2899,1109030.39,1153871.816,0.5715,0.91,4.3361,0.489,1.223,1940591.8198,1940561.7528,816049.809,20143343.0895,20143030.9941
000001.SZ,20240823,10.39,10.5,10.32,10.47,10.38,0.09,0.8671,1071905.71,1117475.768,0.5524,0.83,4.3737,0.4932,1.2336,1940591.8198,1940561.7528,816049.809,20317996.3533,20317681.5518
000001.SZ,20240826,10.5,10.55,10.42,10.49,10.47,0.02,0.191,740675.24,775921.849,0.3817,0.59,4.382,0.4942,1.236,1940591.8198,1940561.7528,816049.809,20356808.1897,20356492.7869
000001.SZ,20240827,10.47,10.52,10.37,10.43,10.49,-0.06,-0.572,723136.58,755583.764,0.3726,0.65,4.357,0.4914,1.2289,1940591.8198,1940561.7528,816049.809,20240372.6805,20240059.0817
000001.SZ,20240828,10.41,10.43,10.28,10.33,10.43,-0.1,-0.9588,942547.54,973872.155,0.4857,1.01,4.3152,0.4866,1.2171,1940591.8198,1940561.7528,816049.809,20046313.4985,20046002.9064
000001.SZ,20240829,10.31,10.38,10.11,10.13,10.33,-0.2,-1.9361,1197676.31,1221351.092,0.6172,1.31,4.2317,0.4772,1.1936,1940591.8198,1940561.7528,816049.809,19658195.1346,19657890.5559
000001.SZ,20240830,10.11,10.26,10.11,10.16,10.13,0.03,0.2962,1294059.08,1318858.688,0.6668,1.38,4.2442,0.4786,1.1971,1940591.8198,1940561.7528,816049.809,19716412.8892,19716107.4084
000001.SZ,20240902,10.12,10.21,10.09,10.11,10.16,-0.05,-0.4921,968835.5,983898.751,0.4993,0.99,4.2233,0.4763,1.1912,1940591.8198,1940561.7528,816049.809,19619383.2982,19619079.3208
000001.SZ,20240903,10.11,10.13,10.0,10.08,10.11,-0.03,-0.2967,916581.22,920884.663,0.4723,0.89,4.2108,0.4749,1.1877,1940591.8198,1940561.7528,816049.809,19561165.5436,19560862.4682
000001.SZ,20240904,10.05,10.15,10.0,10.02,10.08,-0.06,-0.5952,847992.33,852224.67,0.437,0.8,4.1857,0.472,1.1806,1940591.8198,1940561.7528,816049.809,19444730.0344,19444428.7631
000001.SZ,20240905,10.03,10.08,9.98,10.07,10.02,0.05,0.499,594208.76,595845.843,0.3062,0.57,4.2066,0.4744,1.1865,1940591.8198,1940561.7528,816049.809,19541759.6254,19541456.8507
000001.SZ,20240906,10.06,10.21,10.05,10.08,10.07,0.01,0.0993,878865.43,891507.834,0.4529,0.95,4.2108,0.4749,1.1877,1940591.8198,1940561.7528,816049.809,19561165.5436,19560862.4682
000001.SZ,20240909,10.05,10.07,9.84,9.85,10.08,-0.23,-2.2817,1639174.51,1624857.668,0.8447,1.95,4.1147,0.464,1.1606,1940591.8198,1940561.7528,816049.809,19114829.425,19114533.2651
000001.SZ,20240910,9.86,9.92,9.78,9.9,9.85,0.05,0.5076,767901.14,756124.764,0.3957,0.79,4.1356,0.4664,1.1665,1940591.8198,1940561.7528,816049.809,19211859.016,19211561.3527
000001.SZ,20240911,9.88,9.88,9.63,9.65,9.9,-0.25,-2.5253,1108727.04,1078602.468,0.5713,1.17,4.0312,0.4546,1.137,1940591.8198,1940561.7528,816049.809,18726711.0611,18726420.9145
000001.SZ,20240912,9.65,9.77,9.61,9.74,9.65,0.09,0.9326,581834.05,564923.216,0.2998,0.58,4.0687,0.4589,1.1476,1940591.8198,1940561.7528,816049.809,18901364.3249,18901071.4723
000001.SZ,20240913,9.73,9.82,9.7,9.7,9.74,-0.04,-0.4107,566461.9,553269.704,0.2919,0.57,4.052,0.457,1.1429,1940591.8198,1940561.7528,816049.809,18823740.6521,18823449.0022
000001.SZ,20240918,9.72,9.78,9.66,9.77,9.7,0.07,0.7216,443610.99,431665.627,0.2286,0.48,4.0813,0.4603,1.1512,1940591.8198,1940561.7528,816049.809,18959582.0794,18959288.3249
000001.SZ,20240919,9.79,9.84,9.68,9.81,9.77,0.04,0.4094,684293.11,669341.182,0.3526,0.99,4.098,0.4622,1.1559,1940591.8198,1940561.7528,816049.809,19037205.7522,19036910.795
000001.SZ,20240920,9.81,9.9,9.78,9.9,9.81,0.09,0.9174,797297.14,785121.199,0.4109,1.18,4.1356,0.4664,1.1665,1940591.8198,1940561.7528,816049.809,19211859.016,19211561.3527
000001.SZ,20240923,9.89,10.09,9.87,10.04,9.9,0.14,1.4141,896907.55,897428.03,0.4622,1.46,4.1941,0.473,1.183,1940591.8198,1940561.7528,816049.809,19483541.8708,19483239.9981
000001.SZ,20240924,10.11,10.37,10.08,10.37,10.04,0.33,3.2869,1638213.19,1678174.482,0.8442,2.42,4.3319,0.4885,1.2219,1940591.8198,1940561.7528,816049.809,20123937.1713,20123625.3765
000001.SZ,20240925,10.52,10.7,10.45,10.5,10.37,0.13,1.2536,2160693.98,2285995.369,1.1134,2.42,4.3862,0.4947,1.2372,1940591.8198,1940561.7528,816049.809,20376214.1079,20375898.4044
000001.SZ,20240926,10.5,11.15,10.5,11.15,10.5,0.65,6.1905,3086457.2,3341759.456,1.5905,2.5,4.6578,0.5253,1.3138,1940591.8198,1940561.7528,816049.809,21637598.7908,21637263.5437
000001.SZ,20240927,11.35,11.56,11.03,11.42,11.15,0.27,2.4215,3840016.37,4337985.143,1.9788,2.24,4.7705,0.538,1.3456,1940591.8198,1940561.7528,816049.809,22161558.5821,22161215.217
000001.SZ,20240930,11.62,12.3,11.56,12.21,11.42,0.79,6.9177,5430283.64,6467438.838,2.7983,2.34,5.1006,0.5752,1.4387,1940591.8198,1940561.7528,816049.809,23694626.1198,23694259.0017
000001.SZ,20241008,13.43,13.43,12.34,12.88,12.21,0.67,5.4873,5888977.78,7602664.024,3.0347,1.82,5.3804,0.6068,1.5176,1940591.8198,1940561.7528,816049.809,24994822.639,24994435.3761
000001.SZ,20241009,12.63,12.63,11.66,11.68,12.88,-1.2,-9.3168,4269345.06,5172049.702,2.2001,1.05,4.8792,0.5502,1.3762,1940591.8198,1940561.7528,816049.809,22666112.4553,22665761.2727
000001.SZ,20241010,11.62,12.26,11.6,11.98,11.43,0.55,4.8119,3426421.68,4095573.501,1.7657,0.76,5.0045,0.571,1.4116,1940591.8198,1940561.7528,816049.809,23248290.0012,23247929.7985
000001.SZ,20241011,12.0,12.17,11.58,11.72,11.98,-0.26,-2.1703,2070890.57,2455848.197,1.0672,0.45,4.8959,0.5586,1.3809,1940591.8198,1940561.7528,816049.809,22743736.1281,22743383.7428
000001.SZ,20241014,11.98,12.18,11.79,12.02,11.72,0.3,2.5597,2400595.09,2881934.272,1.2371,0.57,5.0212,0.5729,1.4163,1940591.8198,1940561.7528,816049.809,23325913.674,23325552.2687
000001.SZ,20241015,11.94,12.23,11.88,11.9,12.02,-0.12,-0.9983,2072840.77,2500974.427,1.0682,0.57,4.9711,0.5672,1.4021,1940591.8198,1940561.7528,816049.809,23093042.6556,23092684.8583
000001.SZ,20241016,11.8,12.18,11.77,12.06,11.9,0.16,1.3445,1914493.53,2301340.929,0.9866,0.67,5.0379,0.5748,1.421,1940591.8198,1940561.7528,816049.809,23403537.3468,23403174.7388
000001.SZ,20241017,12.07,12.23,11.93,11.95,12.06,-0.11,-0.9121,1653708.09,1993261.646,0.8522,0.7,4.9919,0.5696,1.408,1940591.8198,1940561.7528,816049.809,23190072.2466,23189712.946
000001.SZ,20241018,11.91,12.18,11.68,12.04,11.95,0.09,0.7531,2604654.16,3105820.973,1.3422,1.29,5.0295,0.5739,1.4186,1940591.8198,1940561.7528,816049.809,23364725.5104,23364363.5037
000001.SZ,20241021,11.94,11.94,11.63,11.81,12.04,-0.23,-1.9103,2806654.67,3302020.181,1.4463,1.32,4.9335,0.5513,1.3915,1940591.8198,1940561.7528,816049.809,22918389.3918,22918034.3006
000001.SZ,20241022,11.76,11.93,11.72,11.79,11.81,-0.02,-0.1693,1617787.13,1908438.725,0.8337,0.73,4.9251,0.5503,1.3892,1940591.8198,1940561.7528,816049.809,22879577.5554,22879223.0655
000001.SZ,20241023,11.82,11.89,11.75,11.86,11.79,0.07,0.5937,1511866.04,1787236.762,0.7791,0.71,4.9543,0.5536,1.3974,1940591.8198,1940561.7528,816049.809,23015418.9828,23015062.3882
000001.SZ,20241024,11.81,11.86,11.72,11.75,11.86,-0.11,-0.9275,885299.42,1042818.619,0.4562,0.43,4.9084,0.5485,1.3845,1940591.8198,1940561.7528,816049.809,22801953.8827,22801600.5954
000001.SZ,20241025,11.77,11.78,11.69,11.71,11.75,-0.04,-0.3404,1105754.68,1296844.369,0.5698,0.59,4.8917,0.5466,1.3797,1940591.8198,1940561.7528,816049.809,22724330.2099,22723978.1253
000001.SZ,20241028,11.68,11.68,11.53,11.64,11.71,-0.07,-0.5978,1169486.98,1356008.963,0.6027,0.74,4.8624,0.5433,1.3715,1940591.8198,1940561.7528,816049.809,22588488.7825,22588138.8026
000001.SZ,20241029,11.62,11.74,11.53,11.54,11.64,-0.1,-0.8591,1198024.82,1391150.259,0.6174,0.95,4.8207,0.5386,1.3597,1940591.8198,1940561.7528,816049.809,22394429.6005,22394082.6273
000001.SZ,20241030,11.5,11.58,11.27,11.32,11.54,-0.22,-1.9064,1482402.79,1686501.658,0.7639,1.26,4.7288,0.5284,1.3338,1940591.8198,1940561.7528,816049.809,21967499.4001,21967159.0417
000001.SZ,20241031,11.33,11.44,11.24,11.38,11.32,0.06,0.53,1250205.39,1419624.319,0.6442,1.07,4.7538,0.5312,1.3409,1940591.8198,1940561.7528,816049.809,22083934.9093,22083592.7469
000001.SZ,20241101,11.38,11.55,11.34,11.43,11.38,0.05,0.4394,1589811.11,1821423.447,0.8193,1.28,4.7747,0.5335,1.3468,1940591.8198,1940561.7528,816049.809,22180964.5003,22180620.8345
000001.SZ,20241104,11.43,11.46,11.26,11.46,11.43,0.03,0.2625,1131516.11,1285874.126,0.5831,0.85,4.7873,0.5349,1.3503,1940591.8198,1940561.7528,816049.809,22239182.2549,22238837.6871
000001.SZ,20241105,11.42,11.66,11.39,11.65,11.46,0.19,1.6579,1665418.4,1925260.7,0.8582,1.25,4.8666,0.5438,1.3727,1940591.8198,1940561.7528,816049.809,22607894.7007,22607544.4201
000001.SZ,20241106,11.62,11.64,11.47,11.55,11.65,-0.1,-0.8584,1462286.36,1689977.501,0.7535,1.03,4.8248,0.5391,1.3609,1940591.8198,1940561.7528,816049.809,22413835.5187,22413488.2448
000001.SZ,20241107,11.5,11.93,11.48,11.91,11.55,0.36,3.1169,2242843.79,2627007.561,1.1558,1.58,4.9752,0.5559,1.4033,1940591.8198,1940561.7528,816049.809,23112448.5738,23112090.4758
000001.SZ,20241108,11.94,12.01,11.7,11.72,11.91,-0.19,-1.5953,1895104.15,2239060.534,0.9766,1.17,4.8959,0.5471,1.3809,1940591.8198,1940561.7528,816049.809,22743736.1281,22743383.7428
000001.SZ,20241111,11.63,11.68,11.47,11.6,11.72,-0.12,-1.0239,1486951.64,1717961.562,0.7662,0.89,4.8457,0.5415,1.3668,1940591.8198,1940561.7528,816049.809,22510865.1097,22510516.3325
000001.SZ,20241112,11.58,11.84,11.51,11.54,11.6,-0.06,-0.5172,1717662.55,2005791.408,0.8851,0.98,4.8207,0.5386,1.3597,1940591.8198,1940561.7528,816049.809,22394429.6005,22394082.6273
000001.SZ,20241113,11.5,11.7,11.48,11.61,11.54,0.07,0.6066,1086263.28,1260161.857,0.5598,0.62,4.8499,0.5419,1.368,1940591.8198,1940561.7528,816049.809,22530271.0279,22529921.95
000001.SZ,20241114,11.59,11.7,11.53,11.54,11.61,-0.07,-0.6029,1159783.11,1348378.229,0.5977,0.69,4.8207,0.5386,1.3597,1940591.8198,1940561.7528,816049.809,22394429.6005,22394082.6273
000001.SZ,20241115,11.5,11.61,11.42,11.44,11.54,-0.1,-0.8666,1215783.51,1399308.729,0.6265,0.83,4.7789,0.534,1.3479,1940591.8198,1940561.7528,816049.809,22200370.4185,22200026.452
000001.SZ,20241118,11.63,12.04,11.62,11.75,11.44,0.31,2.7098,3797324.45,4493249.093,1.9568,2.85,4.9084,0.5485,1.3845,1940591.8198,1940561.7528,816049.809,22801953.8827,22801600.5954
000001.SZ,20241119,11.75,11.96,11.55,11.68,11.75,-0.07,-0.5957,2430036.65,2849661.696,1.2522,1.35,4.8792,0.5452,1.3762,1940591.8198,1940561.7528,816049.809,22666112.4553,22665761.2727
000001.SZ,20241120,11.67,11.75,11.61,11.64,11.68,-0.04,-0.3425,1286572.48,1498818.034,0.663,0.66,4.8624,0.5433,1.3715,1940591.8198,1940561.7528,816049.809,22588488.7825,22588138.8026
000001.SZ,20241121,11.62,11.65,11.56,11.59,11.64,-0.05,-0.4296,883408.06,1023998.432,0.4552,0.45,4.8416,0.541,1.3656,1940591.8198,1940561.7528,816049.809,22491459.1915,22491110.715
000001.SZ,20241122,11.59,11.61,11.28,11.28,11.59,-0.31,-2.6747,1625317.44,1858071.592,0.8375,0.85,4.7121,0.5265,1.3291,1940591.8198,1940561.7528,816049.809,21889875.7273,21889536.5716
000001.SZ,20241125,11.28,11.34,11.14,11.18,11.28,-0.1,-0.8865,1166020.32,1310130.629,0.6009,0.58,4.6703,0.5218,1.3173,1940591.8198,1940561.7528,816049.809,21695816.5454,21695480.3963
000001.SZ,20241126,11.18,11.31,11.14,11.27,11.18,0.09,0.805,831078.2,933733.855,0.4283,0.56,4.7079,0.526,1.3279,1940591.8198,1940561.7528,816049.809,21870469.8091,21870130.9541
000001.SZ,20241127,11.24,11.39,11.15,11.39,11.27,0.12,1.0648,895178.05,1010001.964,0.4613,0.77,4.758,0.5316,1.342,1940591.8198,1940561.7528,816049.809,22103340.8275,22102998.3644
000001.SZ,20241128,11.39,11.42,11.32,11.34,11.39,-0.05,-0.439,733168.54,833121.339,0.3778,0.68,4.7371,0.5293,1.3362,1940591.8198,1940561.7528,816049.809,22006311.2365,22005970.2768
000001.SZ,20241129,11.37,11.46,11.34,11.38,11.34,0.04,0.3527,1028487.58,1173316.154,0.53,0.98,4.7538,0.5312,1.3409,1940591.8198,1940561.7528,816049.809,22083934.9093,22083592.7469
000001.SZ,20241202,11.39,11.4,11.31,11.39,11.38,0.01,0.0879,975433.66,1108785.597,0.5027,1.05,4.758,0.5316,1.342,1940591.8198,1940561.7528,816049.809,22103340.8275,22102998.3644
000001.SZ,20241203,11.37,11.5,11.35,11.49,11.39,0.1,0.878,1082559.36,1236992.678,0.5579,1.21,4.7998,0.5363,1.3538,1940591.8198,1940561.7528,816049.809,22297400.0095,22297054.5397
000001.SZ,20241204,11.44,11.53,11.37,11.46,11.49,-0.03,-0.2611,1007470.59,1154623.37,0.5192,1.07,4.7873,0.5349,1.3503,1940591.8198,1940561.7528,816049.809,22239182.2549,22238837.6871
000001.SZ,20241205,11.44,11.5,11.41,11.44,11.46,-0.02,-0.1745,687108.83,786137.964,0.3541,0.71,4.7789,0.534,1.3479,1940591.8198,1940561.7528,816049.809,22200370.4185,22200026.452
000001.SZ,20241206,11.44,11.7,11.43,11.66,11.44,0.22,1.9231,1726269.27,2004270.466,0.8896,1.81,4.8708,0.5443,1.3739,1940591.8198,1940561.7528,816049.809,22627300.6189,22626950.0376
000001.SZ,20241209,11.63,11.72,11.59,11.67,11.66,0.01,0.0858,964063.16,1123441.855,0.4968,0.88,4.875,0.5447,1.375,1940591.8198,1940561.7528,816049.809,22646706.5371,22646355.6552
000001.SZ,20241210,11.9,11.95,11.75,11.79,11.67,0.12,1.0283,2167807.24,2564600.677,1.1171,1.98,4.9251,0.5503,1.3892,1940591.8198,1940561.7528,816049.809,22879577.5554,22879223.0655
000001.SZ,20241211,11.79,11.83,11.72,11.73,11.79,-0.06,-0.5089,967691.45,1138374.175,0.4987,0.74,4.9,0.5475,1.3821,1940591.8198,1940561.7528,816049.809,22763142.0463,22762789.3603
000001.SZ,20241212,11.73,11.87,11.71,11.85,11.73,0.12,1.023,986234.59,1164062.448,0.5082,0.76,4.9502,0.5531,1.3962,1940591.8198,1940561.7528,816049.809,22996013.0646,22995656.7707
000001.SZ,20241213,11.79,11.8,11.56,11.56,11.85,-0.29,-2.4473,1343792.89,1565589.089,0.6925,0.99,4.829,0.5396,1.3621,1940591.8198,1940561.7528,816049.809,22433241.4369,22432893.8624
000001.SZ,20241216,11.56,11.66,11.53,11.57,11.56,0.01,0.0865,805717.78,934226.189,0.4152,0.63,4.8332,0.5401,1.3633,1940591.8198,1940561.7528,816049.809,22452647.3551,22452299.4799
000001.SZ,20241217,11.57,11.65,11.52,11.53,11.57,-0.04,-0.3457,802119.95,929225.455,0.4133,0.64,4.8165,0.5382,1.3585,1940591.8198,1940561.7528,816049.809,22375023.6823,22374677.0098
000001.SZ,20241218,11.58,11.74,11.57,11.65,11.53,0.12,1.0408,1016589.66,1186285.805,0.5239,1.04,4.8666,0.5438,1.3727,1940591.8198,1940561.7528,816049.809,22607894.7007,22607544.4201
000001.SZ,20241219,11.59,11.64,11.54,11.59,11.65,-0.06,-0.515,697379.04,808465.664,0.3594,0.7,4.8416,0.541,1.3656,1940591.8198,1940561.7528,816049.809,22491459.1915,22491110.715
000001.SZ,20241220,11.59,11.7,11.58,11.62,11.59,0.03,0.2588,714646.27,831437.46,0.3683,0.77,4.8541,0.5424,1.3691,1940591.8198,1940561.7528,816049.809,22549676.9461,22549327.5675
000001.SZ,20241223,11.64,11.84,11.64,11.73,11.62,0.11,0.9466,1659404.76,1953519.499,0.8551,2.06,4.9,0.5475,1.3821,1940591.8198,1940561.7528,816049.809,22763142.0463,22762789.3603
000001.SZ,20241224,11.72,11.87,11.72,11.86,11.73,0.13,1.1083,1350836.91,1595698.79,0.6961,1.38,4.9543,0.5536,1.3974,1940591.8198,1940561.7528,816049.809,23015418.9828,23015062.3882
000001.SZ,20241225,11.86,12.02,11.84,11.92,11.86,0.06,0.5059,1475282.94,1759956.63,0.7602,1.36,4.9794,0.5564,1.4045,1940591.8198,1940561.7528,816049.809,23131854.492,23131496.0934
000001.SZ,20241226,11.92,11.93,11.78,11.86,11.92,-0.06,-0.5034,1000074.7,1183745.519,0.5154,0.85,4.9543,0.5536,1.3974,1940591.8198,1940561.7528,816049.809,23015418.9828,23015062.3882
000001.SZ,20241227,11.87,11.9,11.66,11.83,11.86,-0.03,-0.253,1290012.28,1518383.345,0.6648,1.04,4.9418,0.5522,1.3939,1940591.8198,1940561.7528,816049.809,22957201.2282,22956845.5356
000001.SZ,20241230,11.78,11.97,11.78,11.95,11.83,0.12,1.0144,1351846.36,1610892.096,0.6966,1.0,4.9919,0.5578,1.408,1940591.8198,1940561.7528,816049.809,23190072.2466,23189712.946
000001.SZ,20241231,11.93,11.99,11.7,11.7,11.95,-0.25,-2.0921,1475367.33,1747242.074,0.7603,1.14,4.8875,0.5461,1.3786,1940591.8198,1940561.7528,816049.809,22704924.2917,22704572.5078
000001.SZ,20250102,11.73,11.77,11.39,11.43,11.7,-0.27,-2.3077,1819596.99,2102923.078,0.9377,1.38,4.7747,0.5335,1.3468,1940591.8198,1940561.7528,816049.809,22180964.5003,22180620.8345
000001.SZ,20250103,11.44,11.54,11.36,11.38,11.43,-0.05,-0.4374,1154680.44,1320520.978,0.595,0.83,4.7538,0.5312,1.3409,1940591.8198,1940561.7528,816049.809,22083934.9093,22083592.7469
000001.SZ,20250106,11.38,11.48,11.22,11.44,11.38,0.06,0.5272,1085536.3,1234305.778,0.5594,0.77,4.7789,0.534,1.3479,1940591.8198,1940561.7528,816049.809,22200370.4185,22200026.452
000001.SZ,20250107,11.42,11.53,11.37,11.51,11.44,0.07,0.6119,747862.88,858329.049,0.3854,0.54,4.8081,0.5372,1.3562,1940591.8198,1940561.7528,816049.809,22336211.8459,22335865.7747
000001.SZ,20250108,11.5,11.63,11.4,11.5,11.51,-0.01,-0.0869,1062386.01,1223598.997,0.5475,0.85,4.804,0.5368,1.355,1940591.8198,1940561.7528,816049.809,22316805.9277,22316460.1572
000001.SZ,20250109,11.5,11.5,11.35,11.4,11.5,-0.1,-0.8696,751483.3,857836.086,0.3873,0.64,4.7622,0.5321,1.3432,1940591.8198,1940561.7528,816049.809,22122746.7457,22122403.9819
000001.SZ,20250110,11.4,11.46,11.28,11.3,11.4,-0.1,-0.8772,798133.51,905005.041,0.4113,0.83,4.7204,0.5274,1.3314,1940591.8198,1940561.7528,816049.809,21928687.5637,21928347.8066
000001.SZ,20250113,11.25,11.26,11.08,11.2,11.3,-0.1,-0.885,934966.18,1044904.416,0.4818,1.05,4.6786,0.5228,1.3197,1940591.8198,1940561.7528,816049.809,21734628.3818,21734291.6314
000001.SZ,20250114,11.2,11.4,11.19,11.38,11.2,0.18,1.6071,824628.95,934467.766,0.4249,0.96,4.7538,0.5312,1.3409,1940591.8198,1940561.7528,816049.809,22083934.9093,22083592.7469
000001.SZ,20250115,11.38,11.58,11.36,11.48,11.38,0.1,0.8787,1031630.82,1185403.653,0.5316,1.18,4.7956,0.5358,1.3526,1940591.8198,1940561.7528,816049.809,22277994.0913,22277648.9221
000001.SZ,20250116,11.55,11.59,11.47,11.57,11.48,0.09,0.784,872963.99,1007689.274,0.4499,1.01,4.8332,0.5401,1.3633,1940591.8198,1940561.7528,816049.809,22452647.3551,22452299.4799
000001.SZ,20250117,11.53,11.55,11.42,11.45,11.57,-0.12,-1.0372,689764.86,791230.419,0.3554,0.77,4.7831,0.5344,1.3491,1940591.8198,1940561.7528,816049.809,22219776.3367,22219432.0696
000001.SZ,20250120,11.5,11.52,11.4,11.42,11.45,-0.03,-0.262,832029.13,953092.179,0.4288,0.96,4.7705,0.533,1.3456,1940591.8198,1940561.7528,816049.809,22161558.5821,22161215.217
000001.SZ,20250121,11.45,11.45,11.32,11.33,11.42,-0.09,-0.7881,902068.94,1024879.174,0.4648,1.06,4.7329,0.5288,1.335,1940591.8198,1940561.7528,816049.809,21986905.3183,21986564.6592
000001.SZ,20250122,11.32,11.33,11.08,11.09,11.33,-0.24,-2.1183,1347129.22,1504818.607,0.6942,1.56,4.6327,0.5176,1.3067,1940591.8198,1940561.7528,816049.809,21521163.2816,21520829.8386
000001.SZ,20250123,11.17,11.4,11.17,11.32,11.09,0.23,2.0739,1514920.27,1715172.472,0.7807,1.63,4.7288,0.5284,1.3338,1940591.8198,1940561.7528,816049.809,21967499.4001,21967159.0417
000001.SZ,20250124,11.32,11.39,11.22,11.34,11.32,0.02,0.1767,944944.21,1069899.088,0.4869,0.89,4.7371,0.5293,1.3362,1940591.8198,1940561.7528,816049.809,22006311.2365,22005970.2768
000001.SZ,20250127,11.38,11.55,11.38,11.47,11.34,0.13,1.1464,1151934.71,1324270.607,0.5936,1.04,4.7914,0.5354,1.3515,1940591.8198,1940561.7528,816049.809,22258588.1731,22258243.3046
000001.SZ,20250205,11.5,11.52,11.33,11.37,11.47,-0.1,-0.8718,843433.7,961193.579,0.4346,0.72,4.7497,0.5307,1.3397,1940591.8198,1940561.7528,816049.809,22064528.9911,22064187.1293
000001.SZ,20250206,11.35,11.45,11.3,11.36,11.37,-0.01,-0.088,955603.25,1084793.176,0.4924,0.82,4.7455,0.5302,1.3385,1940591.8198,1940561.7528,816049.809,22045123.0729,22044781.5118
000001.SZ,20250207,11.36,11.45,11.31,11.38,11.36,0.02,0.1761,1407492.62,1601621.98,0.7253,1.3,4.7538,0.5312,1.3409,1940591.8198,1940561.7528,816049.809,22083934.9093,22083592.7469
000001.SZ,20250210,11.38,11.5,11.36,11.43,11.38,0.05,0.4394,1026590.93,1174044.624,0.529,0.97,4.7747,0.5335,1.3468,1940591.8198,1940561.7528,816049.809,22180964.5003,22180620.8345
000001.SZ,20250211,11.4,11.47,11.37,11.42,11.43,-0.01,-0.0875,844520.03,963865.615,0.4352,0.78,4.7705,0.533,1.3456,1940591.8198,1940561.7528,816049.809,22161558.5821,22161215.217
000001.SZ,20250212,11.41,11.43,11.34,11.42,11.42,0.0,0.0,988806.83,1125323.633,0.5095,0.97,4.7705,0.533,1.3456,1940591.8198,1940561.7528,816049.809,22161558.5821,22161215.217
000001.SZ,20250213,11.42,11.55,11.4,11.5,11.42,0.08,0.7005,1358639.27,1560709.511,0.7001,1.3,4.804,0.5368,1.355,1940591.8198,1940561.7528,816049.809,22316805.9277,22316460.1572
000001.SZ,20250214,11.49,11.55,11.43,11.55,11.5,0.05,0.4348,973057.74,1118355.997,0.5014,0.86,4.8248,0.5391,1.3609,1940591.8198,1940561.7528,816049.809,22413835.5187,22413488.2448
000001.SZ,20250217,11.6,11.8,11.55,11.78,11.55,0.23,1.9913,2061965.42,2413146.067,1.0626,1.99,4.9209,0.5499,1.388,1940591.8198,1940561.7528,816049.809,22860171.6372,22859817.448
000001.SZ,20250218,11.76,11.96,11.76,11.81,11.78,0.03,0.2547,1996610.49,2371071.467,1.0289,1.6,4.9335,0.5513,1.3915,1940591.8198,1940561.7528,860097.6804,22918389.3918,22918034.3006
000001.SZ,20250219,11.8,11.81,11.68,11.71,11.81,-0.1,-0.8467,1177748.95,1382467.174,0.6069,0.8,4.8917,0.5466,1.3797,1940591.8198,1940561.7528,860097.6804,22724330.2099,22723978.1253
000001.SZ,20250220,11.71,11.76,11.65,11.66,11.71,-0.05,-0.427,784396.27,917231.443,0.4042,0.52,4.8708,0.5443,1.3739,1940591.8198,1940561.7528,860097.6804,22627300.6189,22626950.0376
000001.SZ,20250221,11.69,11.71,11.55,11.64,11.66,-0.02,-0.1715,973968.97,1131033.824,0.5019,0.7,4.8624,0.5433,1.3715,1940591.8198,1940561.7528,860097.6804,22588488.7825,22588138.8026
000001.SZ,20250224,11.63,11.69,11.56,11.59,11.64,-0.05,-0.4296,949956.17,1103548.964,0.4895,0.68,4.8416,0.541,1.3656,1940591.8198,1940561.7528,860097.6804,22491459.1915,22491110.715
000001.SZ,20250225,11.56,11.58,11.46,11.47,11.59,-0.12,-1.0354,917156.02,1055685.157,0.4726,0.78,4.7914,0.5354,1.3515,1940591.8198,1940561.7528,860097.6804,22258588.1731,22258243.3046
000001.SZ,20250226,11.47,11.6,11.47,11.52,11.47,0.05,0.4359,841645.52,970641.211,0.4337,0.88,4.8123,0.5377,1.3574,1940591.8198,1940561.7528,860097.6804,22355617.7641,22355271.3923
000001.SZ,20250227,11.53,11.63,11.46,11.62,11.52,0.1,0.8681,977309.75,1130386.662,0.5036,1.09,4.8541,0.5424,1.3691,1940591.8198,1940561.7528,860097.6804,22549676.9461,22549327.5675
000001.SZ,20250228,11.58,11.68,11.5,11.53,11.62,-0.09,-0.7745,949088.06,1100335.054,0.4891,1.02,4.8165,0.5382,1.3585,1940591.8198,1940561.7528,860097.6804,22375023.6823,22374677.0098
000001.SZ,20250303,11.52,11.56,11.45,11.51,11.53,-0.02,-0.1735,830456.95,955266.366,0.4279,0.9,4.8081,0.5372,1.3562,1940591.8198,1940561.7528,860097.6804,22336211.8459,22335865.7747
000001.SZ,20250304,11.47,11.55,11.44,11.51,11.51,0.0,0.0,683178.73,785447.989,0.3521,0.76,4.8081,0.5372,1.3562,1940591.8198,1940561.7528,860097.6804,22336211.8459,22335865.7747
000001.SZ,20250305,11.52,11.67,11.48,11.66,11.51,0.15,1.3032,1080645.44,1254892.074,0.5569,1.26,4.8708,0.5443,1.3739,1940591.8198,1940561.7528,860097.6804,22627300.6189,22626950.0376
000001.SZ,20250306,11.69,11.7,11.6,11.63,11.66,-0.03,-0.2573,877407.71,1021780.609,0.4521,0.97,4.8583,0.5429,1.3703,1940591.8198,1940561.7528,860097.6804,22569082.8643,22568733.1851
000001.SZ,20250307,11.63,11.69,11.6,11.67,11.63,0.04,0.3439,835536.69,973236.69,0.4306,0.95,4.875,0.5447,1.375,1940591.8198,1940561.7528,860097.6804,22646706.5371,22646355.6552
000001.SZ,20250310,11.66,11.67,11.55,11.59,11.67,-0.08,-0.6855,663833.93,769261.385,0.3421,0.77,4.8416,0.541,1.3656,1940591.8198,1940561.7528,860097.6804,22491459.1915,22491110.715
000001.SZ,20250311,11.54,11.61,11.52,11.61,11.59,0.02,0.1726,608975.27,704240.464,0.3138,0.74,4.8499,0.5419,1.368,1940591.8198,1940561.7528,860097.6804,22530271.0279,22529921.95
000001.SZ,20250312,11.6,11.87,11.56,11.85,11.61,0.24,2.0672,1877318.4,2210904.482,0.9674,2.31,4.9502,0.5531,1.3962,1940591.8198,1940561.7528,860097.6804,22996013.0646,22995656.7707
000001.SZ,20250313,11.81,11.91,11.78,11.84,11.85,-0.01,-0.0844,1312371.21,1555123.174,0.6763,1.35,4.946,0.5527,1.3951,1940591.8198,1940561.7528,860097.6804,22976607.1464,22976251.1532
000001.SZ,20250314,11.82,12.0,11.82,11.97,11.84,0.13,1.098,1722417.65,2057970.454,0.8876,1.63,5.0003,0.5587,1.4104,1940591.8198,1940561.7528,860097.6804,23228884.083,23228524.181
000001.SZ,20250317,11.63,11.67,11.46,11.5,11.97,-0.47,-3.9265,4603612.1,5315522.817,2.3723,3.72,5.0141,0.5252,1.5213,1940591.8198,1940557.185,860093.1126,22316805.9277,22316407.6275
000001.SZ,20250318,11.52,11.54,11.48,11.49,11.5,-0.01,-0.087,1605290.0,1846500.421,0.8272,0.79,5.0098,0.5248,1.52,1940591.8198,1940557.185,860093.1126,22297400.0095,22297002.0557
000001.SZ,20250319,11.48,11.53,11.46,11.52,11.49,0.03,0.2611,1362454.91,1566452.161,0.7021,0.61,5.0228,0.5261,1.524,1940591.8198,1940557.185,860093.1126,22355617.7641,22355218.7712
000001.SZ,20250320,11.51,11.61,11.49,11.49,11.52,-0.03,-0.2604,1101157.24,1268849.14,0.5674,0.52,5.0098,0.5248,1.52,1940591.8198,1940557.185,860093.1126,22297400.0095,22297002.0557
000001.SZ,20250321,11.49,11.52,11.39,11.42,11.49,-0.07,-0.6092,1376388.97,1576151.833,0.7093,0.66,4.9792,0.5216,1.5107,1940591.8198,1940557.185,860093.1126,22161558.5821,22161163.0527
000001.SZ,20250324,11.41,11.44,11.34,11.38,11.42,-0.04,-0.3503,1164577.34,1325564.002,0.6001,0.58,4.9618,0.5198,1.5054,1940591.8198,1940557.185,860093.1126,22083934.9093,22083540.7653
000001.SZ,20250325,11.38,11.43,11.36,11.43,11.38,0.05,0.4394,735608.88,839142.044,0.3791,0.56,4.9836,0.522,1.512,1940591.8198,1940557.185,860093.1126,22180964.5003,22180568.6246
000001.SZ,20250326,11.42,11.43,11.37,11.38,11.43,-0.05,-0.4374,740863.07,843536.936,0.3818,0.65,4.9618,0.5198,1.5054,1940591.8198,1940557.185,860093.1126,22083934.9093,22083540.7653
000001.SZ,20250327,11.37,11.41,11.35,11.39,11.38,0.01,0.0879,553349.4,629863.383,0.2851,0.54,4.9662,0.5202,1.5068,1940591.8198,1940557.185,860093.1126,22103340.8275,22102946.3372
000001.SZ,20250328,11.39,11.4,11.34,11.35,11.39,-0.04,-0.3512,644945.55,732420.874,0.3324,0.71,4.9487,0.5184,1.5015,1940591.8198,1940557.185,860093.1126,22025717.1547,22025324.0498
000001.SZ,20250331,11.36,11.38,11.26,11.26,11.35,-0.09,-0.793,1116125.64,1262598.263,0.5752,1.45,4.9095,0.5143,1.4896,1940591.8198,1940557.185,860093.1126,21851063.8909,21850673.9031
000001.SZ,20250401,11.27,11.3,11.22,11.27,11.26,0.01,0.0888,681470.42,767424.131,0.3512,0.9,4.9138,0.5147,1.4909,1940591.8198,1940557.185,860093.1126,21870469.8091,21870079.475
000001.SZ,20250402,11.25,11.41,11.25,11.37,11.27,0.1,0.8873,932641.76,1058747.241,0.4806,1.25,4.9574,0.5193,1.5041,1940591.8198,1940557.185,860093.1126,22064528.9911,22064135.1935
000001.SZ,20250403,11.31,11.39,11.3,11.34,11.37,-0.03,-0.2639,643913.91,730375.808,0.3318,0.82,4.9443,0.5179,1.5001,1940591.8198,1940557.185,860093.1126,22006311.2365,22005918.4779
000001.SZ,20250407,11.0,11.05,10.48,10.7,11.34,-0.64,-5.6437,2545560.48,2751055.412,1.3118,3.17,4.6653,0.4887,1.4155,1940591.8198,1940557.185,860093.1126,20764332.4719,20763961.8795
000001.SZ,20250408,10.68,10.85,10.66,10.82,10.7,0.12,1.1215,1463987.71,1576590.04,0.7544,1.24,4.7176,0.4942,1.4314,1940591.8198,1940557.185,860093.1126,20997203.4902,20996828.7417
000001.SZ,20250409,10.73,10.83,10.66,10.8,10.82,-0.02,-0.1848,1064394.05,1145238.958,0.5485,0.85,4.7089,0.4933,1.4287,1940591.8198,1940557.185,860093.1126,20958391.6538,20958017.598
000001.SZ,20250410,10.86,10.93,10.82,10.9,10.8,0.1,0.9259,866548.05,943352.302,0.4465,0.65,4.7525,0.4978,1.4419,1940591.8198,1940557.185,860093.1126,21152450.8358,21152073.3165
000001.SZ,20250411,10.87,10.9,10.83,10.89,10.9,-0.01,-0.0917,583879.02,634311.78,0.3009,0.44,4.7481,0.4974,1.4406,1940591.8198,1940557.185,860093.1126,21133044.9176,21132667.7447
000001.SZ,20250414,10.95,11.04,10.92,10.93,10.89,0.04,0.3673,785993.45,862557.144,0.405,0.6,4.7656,0.4992,1.4459,1940591.8198,1940557.185,860093.1126,21210668.5904,21210290.0321
000001.SZ,20250415,10.92,10.97,10.9,10.95,10.93,0.02,0.183,722754.1,790139.077,0.3724,0.76,4.7743,0.5001,1.4485,1940591.8198,1940557.185,860093.1126,21249480.4268,21249101.1758
000001.SZ,20250416,10.93,11.01,10.91,11.0,10.95,0.05,0.4566,842822.17,923316.063,0.4343,1.05,4.7961,0.5024,1.4552,1940591.8198,1940557.185,860093.1126,21346510.0178,21346129.035
000001.SZ,20250417,10.95,11.08,10.93,11.06,11.0,0.06,0.5455,823919.31,907597.513,0.4246,1.08,4.8223,0.5051,1.4631,1940591.8198,1940557.185,860093.1126,21462945.527,21462562.4661
000001.SZ,20250418,11.04,11.19,11.03,11.18,11.06,0.12,1.085,727098.15,810031.605,0.3747,0.97,4.8746,0.5106,1.479,1940591.8198,1940557.185,860093.1126,21695816.5454,21695429.3283
000001.SZ,20250421,11.0,11.13,10.97,11.02,11.18,-0.16,-1.4311,1114184.18,1230804.536,0.5742,1.43,4.8048,0.4903,1.4578,1940591.8198,1940557.185,816045.2412,21385321.8542,21384940.1787
000001.SZ,20250422,11.02,11.06,10.98,11.04,11.02,0.02,0.1815,831128.87,915967.678,0.4283,0.98,4.8135,0.4912,1.4605,1940591.8198,1940557.185,816045.2412,21424133.6906,21423751.3224
000001.SZ,20250423,11.04,11.05,10.97,11.01,11.04,-0.03,-0.2717,586382.93,645842.4,0.3022,0.68,4.8005,0.4899,1.4565,1940591.8198,1940557.185,816045.2412,21365915.936,21365534.6069
000001.SZ,20250424,11.0,11.06,10.99,11.03,11.01,0.02,0.1817,689256.13,760348.555,0.3552,0.84,4.8092,0.4908,1.4591,1940591.8198,1940557.185,816045.2412,21404727.7724,21404345.7506
000001.SZ,20250425,11.04,11.05,10.99,11.01,11.03,-0.02,-0.1813,637546.86,702315.255,0.3285,0.81,4.8005,0.4899,1.4565,1940591.8198,1940557.185,816045.2412,21365915.936,21365534.6069
000001.SZ,20250428,11.0,11.04,10.96,11.0,11.01,-0.01,-0.0908,642018.37,706520.176,0.3308,0.83,4.7961,0.4894,1.4552,1940591.8198,1940557.185,816045.2412,21346510.0178,21346129.035
000001.SZ,20250429,11.0,11.02,10.95,10.98,11.0,-0.02,-0.1818,649044.94,712792.543,0.3345,0.96,4.7874,0.4885,1.4525,1940591.8198,1940557.185,816045.2412,21307698.1814,21307317.8913
000001.SZ,20250430,10.96,10.97,10.89,10.91,10.98,-0.07,-0.6375,869834.92,949911.03,0.4482,1.36,4.7569,0.4854,1.4433,1940591.8198,1940557.185,816045.2412,21171856.754,21171478.8884
000001.SZ,20250506,10.92,11.0,10.89,10.96,10.91,0.05,0.4583,854671.27,935212.114,0.4404,1.23,4.7787,0.4876,1.4499,1940591.8198,1940557.185,816045.2412,21268886.345,21268506.7476
000001.SZ,20250507,11.01,11.04,10.97,11.03,10.96,0.07,0.6387,1126270.01,1240098.147,0.5804,1.54,4.8092,0.4908,1.4591,1940591.8198,1940557.185,816045.2412,21404727.7724,21404345.7506
000001.SZ,20250508,11.0,11.08,10.99,11.08,11.03,0.05,0.4533,1056613.66,1167913.498,0.5445,1.28,4.831,0.493,1.4657,1940591.8198,1940557.185,816045.2412,21501757.3634,21501373.6098
000001.SZ,20250509,11.07,11.17,11.06,11.15,11.08,0.07,0.6318,999897.47,1113688.153,0.5153,1.1,4.8615,0.4961,1.475,1940591.8198,1940557.185,816045.2412,21637598.7908,21637212.6128
000001.SZ,20250512,11.16,11.22,11.13,11.16,11.15,0.01,0.0897,895604.6,1000478.411,0.4615,0.91,4.8659,0.4965,1.4763,1940591.8198,1940557.185,816045.2412,21657004.709,21656618.1846
000001.SZ,20250513,11.19,11.33,11.15,11.29,11.16,0.13,1.1649,1261030.62,1420501.315,0.6498,1.28,4.9225,0.5023,1.4935,1940591.8198,1940557.185,816045.2412,21909281.6455,21908890.6187
000001.SZ,20250514,11.29,11.47,11.25,11.43,11.29,0.14,1.24,1683513.58,1912995.433,0.8675,1.58,4.9836,0.5086,1.512,1940591.8198,1940557.185,816045.2412,22180964.5003,22180568.6246
000001.SZ,20250515,11.43,11.5,11.38,11.39,11.43,-0.04,-0.35,1035460.26,1183732.832,0.5336,0.88,4.9662,0.5068,1.5068,1940591.8198,1940557.185,816045.2412,22103340.8275,22102946.3372
000001.SZ,20250516,11.37,11.43,11.31,11.38,11.39,-0.01,-0.0878,914744.45,1039223.623,0.4714,0.78,4.9618,0.5063,1.5054,1940591.8198,1940557.185,816045.2412,22083934.9093,22083540.7653
000001.SZ,20250519,11.4,11.47,11.36,11.37,11.38,-0.01,-0.0879,831390.6,949883.545,0.4284,0.72,4.9574,0.5059,1.5041,1940591.8198,1940557.185,816045.2412,22064528.9911,22064135.1935
000001.SZ,20250520,11.4,11.47,11.37,11.39,11.37,0.02,0.1759,643634.8,734455.266,0.3317,0.56,4.9662,0.5068,1.5068,1940591.8198,1940557.185,816045.2412,22103340.8275,22102946.3372
000001.SZ,20250521,11.4,11.59,11.39,11.48,11.39,0.09,0.7902,1328278.1,1528350.368,0.6845,1.3,5.0054,0.5108,1.5187,1940591.8198,1940557.185,816045.2412,22277994.0913,22277596.4838
000001.SZ,20250522,11.45,11.56,11.44,11.55,11.48,0.07,0.6098,1002968.06,1155265.064,0.5168,1.05,5.0359,0.5139,1.5279,1940591.8198,1940557.185,816045.2412,22413835.5187,22413435.4868
000001.SZ,20250523,11.55,11.6,11.43,11.46,11.55,-0.09,-0.7792,962643.11,1108636.101,0.4961,1.02,4.9967,0.5099,1.516,1940591.8198,1940557.185,816045.2412,22239182.2549,22238785.3401
000001.SZ,20250526,11.44,11.5,11.4,11.42,11.46,-0.04,-0.349,699158.58,800495.685,0.3603,0.73,4.9792,0.5081,1.5107,1940591.8198,1940557.185,816045.2412,22161558.5821,22161163.0527
000001.SZ,20250527,11.45,11.54,11.42,11.49,11.42,0.07,0.613,801915.14,921912.281,0.4132,0.86,5.0098,0.5112,1.52,1940591.8198,1940557.185,816045.2412,22297400.0095,22297002.0557
000001.SZ,20250528,11.5,11.55,11.44,11.53,11.49,0.04,0.3481,658179.47,757571.319,0.3392,0.69,5.0272,0.513,1.5253,1940591.8198,1940557.185,816045.2412,22375023.6823,22374624.3431
000001.SZ,20250529,11.52,11.55,11.45,11.46,11.53,-0.07,-0.6071,919806.76,1056726.384,0.474,1.11,4.9967,0.5099,1.516,1940591.8198,1940557.185,816045.2412,22239182.2549,22238785.3401
000001.SZ,20250530,11.47,11.58,11.44,11.56,11.46,0.1,0.8726,1130849.31,1303433.716,0.5827,1.4,5.0403,0.5143,1.5292,1940591.8198,1940557.185,816045.2412,22433241.4369,22432841.0586
000001.SZ,20250603,11.54,11.91,11.53,11.81,11.56,0.25,2.1626,2192479.66,2580962.601,1.1298,2.6,5.1493,0.5255,1.5623,1940591.8198,1940557.185,816045.2412,22918389.3918,22917980.3549
000001.SZ,20250604,11.82,11.88,11.78,11.84,11.81,0.03,0.254,1167959.5,1383019.682,0.6019,1.02,5.1624,0.5268,1.5663,1940591.8198,1940557.185,816045.2412,22976607.1464,22976197.0704
000001.SZ,20250605,11.88,11.91,11.66,11.67,11.84,-0.17,-1.4358,1166803.49,1369212.336,0.6013,0.96,5.0882,0.5192,1.5438,1940591.8198,1940557.185,816045.2412,22646706.5371,22646302.349
000001.SZ,20250606,11.7,11.79,11.68,11.7,11.67,0.03,0.2571,682352.51,799900.024,0.3516,0.52,5.1013,0.5206,1.5478,1940591.8198,1940557.185,816045.2412,22704924.2917,22704519.0645
000001.SZ,20250609,11.73,11.75,11.65,11.71,11.7,0.01,0.0855,773254.68,905092.605,0.3985,0.61,5.1057,0.521,1.5491,1940591.8198,1940557.185,816045.2412,22724330.2099,22723924.6364
000001.SZ,20250610,11.72,11.89,11.71,11.81,11.71,0.1,0.854,1428131.8,1689018.78,0.7359,1.19,5.1493,0.5255,1.5623,1940591.8198,1940557.185,816045.2412,22918389.3918,22917980.3549
000001.SZ,20250611,11.82,11.93,11.79,11.85,11.81,0.04,0.3387,1094666.64,1298656.315,0.5641,1.05,5.1667,0.5272,1.5676,1940591.8198,1940557.185,816045.2412,22996013.0646,22995602.6423
000001.SZ,20250612,11.56,11.7,11.52,11.68,11.49,0.19,1.6536,1290220.47,1500287.176,0.6649,1.25,5.0926,0.5282,1.5451,1940591.8198,1940557.185,816045.2412,22666112.4553,22665707.9208
000001.SZ,20250613,11.68,11.74,11.56,11.58,11.68,-0.1,-0.8562,1095494.19,1272773.101,0.5645,1.04,5.049,0.5237,1.5319,1940591.8198,1940557.185,816045.2412,22472053.2733,22471652.2023
000001.SZ,20250616,11.57,11.79,11.53,11.79,11.58,0.21,1.8135,1174438.27,1371041.708,0.6052,1.03,5.1406,0.5332,1.5597,1940591.8198,1940557.185,816045.2412,22879577.5554,22879169.2112
000001.SZ,20250617,11.79,11.88,11.71,11.76,11.79,-0.03,-0.2545,890027.34,1048960.749,0.4586,0.73,5.1275,0.5318,1.5557,1940591.8198,1940557.185,816045.2412,22821359.8008,22820952.4956
000001.SZ,20250618,11.78,11.81,11.66,11.77,11.76,0.01,0.085,683521.11,802908.098,0.3522,0.62,5.1318,0.5323,1.557,1940591.8198,1940557.185,816045.2412,22840765.719,22840358.0675
000001.SZ,20250619,11.76,11.78,11.65,11.7,11.77,-0.07,-0.5947,832247.16,974127.331,0.4289,0.81,5.1013,0.5291,1.5478,1940591.8198,1940557.185,816045.2412,22704924.2917,22704519.0645
000001.SZ,20250620,11.7,11.86,11.67,11.84,11.7,0.14,1.1966,1309197.82,1544541.881,0.6747,1.4,5.1624,0.5354,1.5663,1940591.8198,1940557.185,816045.2412,22976607.1464,22976197.0704
000001.SZ,20250623,11.81,11.97,11.67,11.93,11.84,0.09,0.7601,1389170.48,1646476.917,0.7159,1.42,5.2016,0.5395,1.5782,1940591.8198,1940557.185,816045.2412,23151260.4102,23150847.2171
000001.SZ,20250624,11.9,12.01,11.84,11.93,11.93,0.0,0.0,1308525.31,1560621.893,0.6743,1.28,5.2016,0.5395,1.5782,1940591.8198,1940557.185,816045.2412,23151260.4102,23150847.2171
000001.SZ,20250625,11.93,12.08,11.83,12.06,11.93,0.13,1.0897,1675116.47,2007989.727,0.8632,1.52,5.2583,0.5454,1.5954,1940591.8198,1940557.185,816045.2412,23403537.3468,23403119.6511
000001.SZ,20250626,12.05,12.48,12.01,12.41,12.06,0.35,2.9022,2174577.66,2672207.529,1.1206,1.67,5.4109,0.5612,1.6417,1940591.8198,1940557.185,816045.2412,24082744.4837,24082314.6659
000001.SZ,20250627,12.37,12.58,12.13,12.2,12.41,-0.21,-1.6922,2377600.15,2937865.058,1.2252,1.51,5.3193,0.5517,1.6139,1940591.8198,1940557.185,816045.2412,23675220.2016,23674797.657
000001.SZ,20250630,12.14,12.17,11.96,12.07,12.2,-0.13,-1.0656,1504819.65,1812492.377,0.7755,0.84,5.2626,0.5458,1.5967,1940591.8198,1940557.185,816045.2412,23422943.265,23422525.223
000001.SZ,20250701,12.06,12.33,12.06,12.3,12.07,0.23,1.9056,1354341.08,1653806.75,0.6979,0.75,5.3629,0.5562,1.6271,1940591.8198,1940557.185,816045.2412,23869279.3835,23868853.3755
000001.SZ,20250702,12.31,12.41,12.23,12.32,12.3,0.02,0.1626,1200411.84,1481842.213,0.6186,0.66,5.3716,0.5571,1.6298,1940591.8198,1940557.185,816045.2412,23908091.2199,23907664.5192
000001.SZ,20250703,12.33,12.42,12.28,12.35,12.32,0.03,0.2435,794085.97,980546.007,0.4092,0.46,5.3847,0.5585,1.6338,1940591.8198,1940557.185,816045.2412,23966308.9745,23965881.2348
000001.SZ,20250704,12.35,12.72,12.3,12.6,12.35,0.25,2.0243,1775332.67,2224874.056,0.9149,1.23,5.4937,0.5698,1.6668,1940591.8198,1940557.185,816045.2412,24451456.9295,24451020.531
000001.SZ,20250707,12.6,12.82,12.6,12.78,12.6,0.18,1.4286,1495406.53,1901755.851,0.7706,1.13,5.5722,0.5779,1.6906,1940591.8198,1940557.185,816045.2412,24800763.457,24800320.8243
000001.SZ,20250708,12.75,12.84,12.65,12.69,12.78,-0.09,-0.7042,1090985.97,1387093.602,0.5622,0.82,5.533,0.5739,1.6787,1940591.8198,1940557.185,816045.2412,24626110.1933,24625670.6777
000001.SZ,20250709,12.66,12.9,12.66,12.84,12.69,0.15,1.182,1205963.3,1542699.035,0.6215,0.95,5.5984,0.5806,1.6986,1940591.8198,1940557.185,816045.2412,24917198.9662,24916754.2554
000001.SZ,20250710,12.82,13.33,12.79,13.18,12.84,0.34,2.648,2481415.53,3249454.029,1.2787,1.95,5.7466,0.596,1.7435,1940591.8198,1940557.185,816045.2412,25577000.185,25576543.6983
000001.SZ,20250711,13.19,13.3,12.89,12.91,13.18,-0.27,-2.0486,2443743.5,3200219.566,1.2593,1.52,5.6289,0.5838,1.7078,1940591.8198,1940557.185,816045.2412,25053040.3936,25052593.2584
000001.SZ,20250714,12.87,13.17,12.86,12.98,12.91,0.07,0.5422,1872895.85,2440924.105,0.9651,1.07,5.6594,0.587,1.7171,1940591.8198,1940557.185,816045.2412,25188881.821,25188432.2613
000001.SZ,20250715,12.99,13.04,12.71,12.73,12.98,-0.25,-1.926,1810531.31,2322277.285,0.933,1.0,5.5504,0.5757,1.684,1940591.8198,1940557.185,816045.2412,24703733.8661,24703292.9651
000001.SZ,20250716,12.73,12.76,12.5,12.64,12.73,-0.09,-0.707,1927863.79,2424983.973,0.9935,0.98,5.5112,0.5716,1.6721,1940591.8198,1940557.185,816045.2412,24529080.6023,24528642.8184
000001.SZ,20250717,12.61,12.7,12.54,12.59,12.64,-0.05,-0.3956,944641.4,1189666.227,0.4868,0.45,5.4894,0.5693,1.6655,1940591.8198,1940557.185,816045.2412,24432051.0113,24431614.9592
000001.SZ,20250718,12.62,12.75,12.6,12.7,12.59,0.11,0.8737,1241206.11,1574176.824,0.6396,0.69,5.5373,0.5743,1.6801,1940591.8198,1940557.185,816045.2412,24645516.1115,24645076.2495
000001.SZ,20250721,12.64,12.71,12.55,12.61,12.7,-0.09,-0.7087,1079026.62,1360155.719,0.556,0.69,5.4981,0.5702,1.6681,1940591.8198,1940557.185,816045.2412,24470862.8477,24470426.1029
000001.SZ,20250722,12.6,12.6,12.32,12.49,12.61,-0.12,-0.9516,1935229.16,2408337.286,0.9973,1.38,5.4458,0.5648,1.6523,1940591.8198,1940557.185,816045.2412,24237991.8293,24237559.2407
000001.SZ,20250723,12.46,12.63,12.45,12.53,12.49,0.04,0.3203,1370520.0,1719158.803,0.7063,0.96,5.4632,0.5666,1.6576,1940591.8198,1940557.185,816045.2412,24315615.5021,24315181.5281
000001.SZ,20250724,12.53,12.53,12.33,12.35,12.53,-0.18,-1.4366,1959350.57,2426175.236,1.0097,1.49,5.3847,0.5585,1.6338,1940591.8198,1940557.185,816045.2412,23966308.9745,23965881.2348
000001.SZ,20250725,12.33,12.46,12.32,12.35,12.35,0.0,0.0,1108266.66,1372103.731,0.5711,0.73,5.3847,0.5585,1.6338,1940591.8198,1940557.185,816045.2412,23966308.9745,23965881.2348
000001.SZ,20250728,12.35,12.53,12.32,12.46,12.35,0.11,0.8907,1238242.78,1541317.047,0.6381,0.83,5.4327,0.5635,1.6483,1940591.8198,1940557.185,816045.2412,24179774.0747,24179342.5251
000001.SZ,20250729,12.46,12.51,12.34,12.34,12.46,-0.12,-0.9631,1012818.01,1255113.972,0.5219,0.67,5.3804,0.558,1.6324,1940591.8198,1940557.185,816045.2412,23946903.0563,23946475.6629
000001.SZ,20250730,12.35,12.64,12.34,12.49,12.34,0.15,1.2156,1715163.6,2149934.405,0.8839,1.28,5.4458,0.5648,1.6523,1940591.8198,1940557.185,816045.2412,24237991.8293,24237559.2407
000001.SZ,20250731,12.51,12.55,12.22,12.23,12.49,-0.26,-2.0817,1690081.25,2079630.602,0.8709,1.2,5.3324,0.5531,1.6179,1940591.8198,1940557.185,816045.2412,23733437.9562,23733014.3726
000001.SZ,20250801,12.24,12.33,12.15,12.28,12.23,0.05,0.4088,1012186.98,1240239.18,0.5216,0.75,5.3542,0.5553,1.6245,1940591.8198,1940557.185,816045.2412,23830467.5471,23830042.2318
000001.SZ,20250804,12.24,12.38,12.21,12.3,12.28,0.02,0.1629,1032689.69,1271376.407,0.5322,0.77,5.3629,0.5562,1.6271,1940591.8198,1940557.185,816045.2412,23869279.3835,23868853.3755
000001.SZ,20250805,12.3,12.5,12.28,12.47,12.3,0.17,1.3821,1132078.2,1405152.349,0.5834,0.88,5.437,0.5639,1.6496,1940591.8198,1940557.185,816045.2412,24199179.9929,24198748.097
000001.SZ,20250806,12.47,12.52,12.4,12.46,12.47,-0.01,-0.0802,690447.65,859684.675,0.3558,0.52,5.4327,0.5635,1.6483,1940591.8198,1940557.185,816045.2412,24179774.0747,24179342.5251
000001.SZ,20250807,12.44,12.53,12.39,12.47,12.46,0.01,0.0803,722053.05,900760.013,0.3721,0.65,5.437,0.5639,1.6496,1940591.8198,1940557.185,816045.2412,24199179.9929,24198748.097
000001.SZ,20250808,12.48,12.53,12.39,12.4,12.47,-0.07,-0.5613,829795.91,1032586.759,0.4276,0.9,5.4065,0.5607,1.6404,1940591.8198,1940557.185,816045.2412,24063338.5655,24062909.094
000001.SZ,20250811,12.4,12.42,12.27,12.3,12.4,-0.1,-0.8065,934353.15,1150305.113,0.4815,1.06,5.3629,0.5562,1.6271,1940591.8198,1940557.185,816045.2412,23869279.3835,23868853.3755
000001.SZ,20250812,12.3,12.4,12.3,12.33,12.3,0.03,0.2439,680056.19,839635.63,0.3504,0.79,5.376,0.5576,1.6311,1940591.8198,1940557.185,816045.2412,23927497.1381,23927070.0911
000001.SZ,20250813,12.37,12.4,12.23,12.26,12.33,-0.07,-0.5677,1119813.05,1376777.909,0.5771,1.45,5.3455,0.5544,1.6218,1940591.8198,1940557.185,816045.2412,23791655.7107,23791231.0881
000001.SZ,20250814,12.27,12.34,12.19,12.2,12.26,-0.06,-0.4894,1241041.29,1523447.932,0.6395,1.45,5.3193,0.5517,1.6139,1940591.8198,1940557.185,816045.2412,23675220.2016,23674797.657
000001.SZ,20250815,12.23,12.23,11.94,12.08,12.2,-0.12,-0.9836,1948502.95,2344073.499,1.0041,2.03,5.267,0.5463,1.598,1940591.8198,1940557.185,816045.2412,23442349.1832,23441930.7948
000001.SZ,20250818,12.06,12.15,12.03,12.08,12.08,0.0,0.0,1239058.37,1496527.039,0.6385,1.05,5.267,0.5463,1.598,1940591.8198,1940557.185,816045.2412,23442349.1832,23441930.7948
000001.SZ,20250819,12.1,12.12,12.02,12.06,12.08,-0.02,-0.1656,892859.89,1077380.173,0.4601,0.72,5.2583,0.5454,1.5954,1940591.8198,1940557.185,816045.2412,23403537.3468,23403119.6511
000001.SZ,20250820,12.06,12.12,11.98,12.07,12.06,0.01,0.0829,1048738.53,1265435.773,0.5404,0.81,5.2626,0.5458,1.5967,1940591.8198,1940557.185,816045.2412,23422943.265,23422525.223
000001.SZ,20250821,12.05,12.19,12.03,12.15,12.07,0.08,0.6628,1217418.25,1477053.292,0.6274,0.96,5.2975,0.5494,1.6073,1940591.8198,1940557.185,816045.2412,23578190.6106,23577769.7978
000001.SZ,20250822,12.15,12.17,11.98,12.06,12.15,-0.09,-0.7407,1644259.77,1979461.311,0.8473,1.3,5.2583,0.5454,1.5954,1940591.8198,1940557.185,816045.2412,23403537.3468,23403119.6511
000001.SZ,20250825,12.12,12.53,12.1,12.45,12.06,0.39,3.2338,3045087.53,3761289.076,1.5692,2.52,5.4283,0.549,1.647,1940591.8198,1940560.0653,816048.1215,24160368.1565,24159972.813
000001.SZ,20250826,12.45,12.5,12.3,12.36,12.45,-0.09,-0.7229,1383598.61,1709560.923,0.713,0.88,5.3891,0.545,1.6351,1940591.8198,1940560.0653,816048.1215,23985714.8927,23985322.4071
000001.SZ,20250827,12.32,12.36,12.05,12.06,12.36,-0.3,-2.4272,1860049.5,2268070.721,0.9585,1.12,5.2583,0.5318,1.5954,1940591.8198,1940560.0653,816048.1215,23403537.3468,23403154.3875
000001.SZ,20250828,12.09,12.14,11.97,12.08,12.06,0.02,0.1658,1653587.93,1991723.374,0.8521,0.9,5.267,0.5326,1.598,1940591.8198,1940560.0653,816048.1215,23442349.1832,23441965.5888
000001.SZ,20250829,12.05,12.22,12.03,12.05,12.08,-0.03,-0.2483,1805125.68,2186232.853,0.9302,0.94,5.2539,0.5313,1.5941,1940591.8198,1940560.0653,816048.1215,23384131.4286,23383748.7869
000001.SZ,20250901,12.05,12.05,11.85,11.89,12.05,-0.16,-1.3278,1858459.02,2214306.332,0.9577,0.95,5.1842,0.5243,1.5729,1940591.8198,1940560.0653,816048.1215,23073636.7374,23073259.1764
000001.SZ,20250902,11.85,11.99,11.84,11.98,11.89,0.09,0.7569,1492715.66,1780010.209,0.7692,0.87,5.2234,0.5282,1.5848,1940591.8198,1940560.0653,816048.1215,23248290.0012,23247909.5823
000001.SZ,20250903,11.98,12.01,11.74,11.75,11.98,-0.23,-1.9199,1367232.49,1619322.977,0.7046,0.79,5.1231,0.5181,1.5544,1940591.8198,1940560.0653,816048.1215,22801953.8827,22801580.7673
000001.SZ,20250904,11.76,11.77,11.6,11.74,11.75,-0.01,-0.0851,1295300.02,1513956.779,0.6675,0.79,5.1188,0.5177,1.5531,1940591.8198,1940560.0653,816048.1215,22782547.9645,22782175.1666
000001.SZ,20250905,11.73,11.74,11.63,11.72,11.74,-0.02,-0.1704,819661.56,957547.463,0.4224,0.52,5.11,0.5168,1.5504,1940591.8198,1940560.0653,816048.1215,22743736.1281,22743363.9653
000001.SZ,20250908,11.71,11.78,11.67,11.7,11.72,-0.02,-0.1706,924431.04,1083054.608,0.4764,0.68,5.1013,0.5159,1.5478,1940591.8198,1940560.0653,816048.1215,22704924.2917,22704552.764
000001.SZ,20250909,11.71,11.78,11.68,11.75,11.7,0.05,0.4274,860539.17,1009279.729,0.4434,0.73,5.1231,0.5181,1.5544,1940591.8198,1940560.0653,816048.1215,22801953.8827,22801580.7673
000001.SZ,20250910,11.74,11.79,11.71,11.77,11.75,0.02,0.1702,792668.39,932170.201,0.4085,0.75,5.1318,0.519,1.557,1940591.8198,1940560.0653,816048.1215,22840765.719,22840391.9686
000001.SZ,20250911,11.77,11.85,11.71,11.85,11.77,0.08,0.6797,963931.63,1134234.367,0.4967,1.03,5.1667,0.5225,1.5676,1940591.8198,1940560.0653,816048.1215,22996013.0646,22995636.7738
000001.SZ,20250912,11.83,11.88,11.7,11.72,11.85,-0.13,-1.097,940385.1,1107449.057,0.4846,1.08,5.11,0.5168,1.5504,1940591.8198,1940560.0653,816048.1215,22743736.1281,22743363.9653
000001.SZ,20250915,11.7,11.72,11.63,11.65,11.72,-0.07,-0.5973,840386.56,980347.617,0.4331,0.94,5.0795,0.5137,1.5411,1940591.8198,1940560.0653,816048.1215,22607894.7007,22607524.7607
000001.SZ,20250916,11.66,11.71,11.61,11.64,11.65,-0.01,-0.0858,708048.49,825169.464,0.3649,0.8,5.0752,0.5132,1.5398,1940591.8198,1940560.0653,816048.1215,22588488.7825,22588119.1601
000001.SZ,20250917,11.64,11.67,11.58,11.64,11.64,0.0,0.0,771128.93,896750.27,0.3974,0.91,5.0752,0.5132,1.5398,1940591.8198,1940560.0653,816048.1215,22588488.7825,22588119.1601
000001.SZ,20250918,11.65,11.66,11.38,11.41,11.64,-0.23,-1.9759,1386160.4,1594827.2,0.7143,1.64,4.9749,0.5031,1.5094,1940591.8198,1940560.0653,816048.1215,22142152.6639,22141790.3451
000001.SZ,20250919,11.41,11.51,11.37,11.45,11.41,0.04,0.3506,834651.23,955004.097,0.4301,0.9,4.9923,0.5049,1.5147,1940591.8198,1940560.0653,816048.1215,22219776.3367,22219412.7477
000001.SZ,20250922,11.44,11.47,11.37,11.38,11.45,-0.07,-0.6114,596402.32,680158.439,0.3073,0.66,4.9618,0.5018,1.5054,1940591.8198,1940560.0653,816048.1215,22083934.9093,22083573.5431
000001.SZ,20250923,11.37,11.58,11.32,11.52,11.38,0.14,1.2302,1341430.22,1543271.185,0.6913,1.56,5.0228,0.508,1.524,1940591.8198,1940560.0653,816048.1215,22355617.7641,22355251.9523
000001.SZ,20250924,11.51,11.62,11.43,11.46,11.52,-0.06,-0.5208,1139583.47,1310214.181,0.5872,1.16,4.9967,0.5053,1.516,1940591.8198,1940560.0653,816048.1215,22239182.2549,22238818.3483
000001.SZ,20250925,11.43,11.47,11.36,11.4,11.46,-0.06,-0.5236,773275.94,881943.148,0.3985,0.73,4.9705,0.5027,1.5081,1940591.8198,1940560.0653,816048.1215,22122746.7457,22122384.7444
000001.SZ,20250926,11.39,11.44,11.32,11.4,11.4,0.0,0.0,753238.75,856917.688,0.3882,0.8,4.9705,0.5027,1.5081,1940591.8198,1940560.0653,816048.1215,22122746.7457,22122384.7444
000001.SZ,20250929,11.4,11.48,11.27,11.37,11.4,-0.03,-0.2632,1176012.43,1334456.974,0.606,1.28,4.9574,0.5013,1.5041,1940591.8198,1940560.0653,816048.1215,22064528.9911,22064167.9425
000001.SZ,20250930,11.37,11.37,11.29,11.34,11.37,-0.03,-0.2639,832479.47,942224.081,0.429,0.8,4.9443,0.5,1.5001,1940591.8198,1940560.0653,816048.1215,22006311.2365,22005951.1405
000001.SZ,20251009,11.33,11.41,11.27,11.4,11.34,0.06,0.5291,1047469.06,1187061.683,0.5398,1.12,4.9705,0.5027,1.5081,1940591.8198,1940560.0653,816048.1215,22122746.7457,22122384.7444
000001.SZ,20251010,11.37,11.49,11.36,11.43,11.4,0.03,0.2632,1087947.75,1244213.513,0.5606,1.19,4.9836,0.504,1.512,1940591.8198,1940560.0653,816048.1215,22180964.5003,22180601.5464
000001.SZ,20251013,11.32,11.46,11.28,11.4,11.43,-0.03,-0.2625,1168801.73,1328180.364,0.6023,1.19,4.9705,0.5027,1.5081,1940591.8198,1940560.0653,816048.1215,22122746.7457,22122384.7444
000001.SZ,20251014,11.39,11.6,11.36,11.57,11.4,0.17,1.4912,1843428.36,2124120.304,0.9499,1.73,5.0446,0.5102,1.5306,1940591.8198,1940560.0653,816048.1215,22452647.3551,22452279.9555
000001.SZ,20251015,11.34,11.42,11.26,11.4,11.33,0.07,0.6178,1271061.03,1443458.105,0.655,1.06,4.9705,0.508,1.5081,1940591.8198,1940560.0653,816048.1215,22122746.7457,22122384.7444
000001.SZ,20251016,11.38,11.55,11.36,11.54,11.4,0.14,1.2281,1261936.87,1447841.585,0.6503,0.98,5.0316,0.5142,1.5266,1940591.8198,1940560.0653,816048.1215,22394429.6005,22394063.1536
000001.SZ,20251017,11.5,11.58,11.38,11.4,11.54,-0.14,-1.2132,1039666.32,1193518.555,0.5358,0.78,4.9705,0.508,1.5081,1940591.8198,1940560.0653,816048.1215,22122746.7457,22122384.7444
000001.SZ,20251020,11.41,11.45,11.27,11.42,11.4,0.02,0.1754,952641.1,1081829.7,0.4909,0.72,4.9792,0.5088,1.5107,1940591.8198,1940560.0653,816048.1215,22161558.5821,22161195.9457
000001.SZ,20251021,11.4,11.47,11.39,11.43,11.42,0.01,0.0876,761164.62,869658.08,0.3922,0.6,4.9836,0.5093,1.512,1940591.8198,1940560.0653,816048.1215,22180964.5003,22180601.5464
000001.SZ,20251022,11.4,11.54,11.4,11.52,11.43,0.09,0.7874,833703.19,957661.636,0.4296,0.79,5.0228,0.5133,1.524,1940591.8198,1940560.0653,816048.1215,22355617.7641,22355251.9523
000001.SZ,20251023,11.52,11.71,11.5,11.63,11.52,0.11,0.9549,1373111.58,1593155.218,0.7076,1.42,5.0708,0.5182,1.5385,1940591.8198,1940560.0653,816048.1215,22569082.8643,22568713.5594
000001.SZ,20251024,11.6,11.68,11.55,11.56,11.63,-0.07,-0.6019,980475.3,1138026.681,0.5053,0.99,5.0403,0.5151,1.5292,1940591.8198,1940560.0653,816048.1215,22433241.4369,22432874.3549
000001.SZ,20251027,11.54,11.61,11.44,11.52,11.56,-0.04,-0.346,1239485.26,1428199.707,0.6387,1.26,5.0228,0.5042,1.524,1940591.8198,1940560.0653,816048.1215,22355617.7641,22355251.9523
000001.SZ,20251028,11.53,11.58,11.42,11.47,11.52,-0.05,-0.434,821568.18,943626.835,0.4234,0.79,5.001,0.502,1.5173,1940591.8198,1940560.0653,816048.1215,22258588.1731,22258223.949
000001.SZ,20251029,11.46,11.46,11.36,11.39,11.47,-0.08,-0.6975,966213.64,1100783.363,0.4979,0.92,4.9662,0.4985,1.5068,1940591.8198,1940560.0653,816048.1215,22103340.8275,22102979.1438
000001.SZ,20251030,11.38,11.47,11.36,11.38,11.39,-0.01,-0.0878,943770.15,1077182.643,0.4863,0.88,4.9618,0.4981,1.5054,1940591.8198,1940560.0653,816048.1215,22083934.9093,22083573.5431
000001.SZ,20251031,11.38,11.4,11.3,11.32,11.38,-0.06,-0.5272,970192.93,1099179.193,0.5,0.98,4.9356,0.4954,1.4975,1940591.8198,1940560.0653,816048.1215,21967499.4001,21967139.9392
000001.SZ,20251103,11.34,11.44,11.3,11.43,11.32,0.11,0.9717,952326.43,1084422.504,0.4907,0.96,4.9836,0.5003,1.512,1940591.8198,1940560.0653,816048.1215,22180964.5003,22180601.5464
000001.SZ,20251104,11.42,11.64,11.4,11.59,11.43,0.16,1.3998,1503007.48,1737289.514,0.7745,1.61,5.0534,0.5073,1.5332,1940591.8198,1940560.0653,816048.1215,22491459.1915,22491091.1568
000001.SZ,20251105,11.59,11.6,11.5,11.52,11.59,-0.07,-0.604,794926.05,918112.474,0.4096,0.74,5.0228,0.5042,1.524,1940591.8198,1940560.0653,816048.1215,22355617.7641,22355251.9523
000001.SZ,20251106,11.5,11.58,11.47,11.51,11.52,-0.01,-0.0868,766585.46,882799.462,0.395,0.74,5.0185,0.5038,1.5226,1940591.8198,1940560.0653,816048.1215,22336211.8459,22335846.3516
000001.SZ,20251107,11.52,11.58,11.5,11.55,11.51,0.04,0.3475,734850.55,848177.984,0.3787,0.74,5.0359,0.5055,1.5279,1940591.8198,1940560.0653,816048.1215,22413835.5187,22413468.7542
000001.SZ,20251110,11.52,11.64,11.45,11.63,11.55,0.08,0.6926,827208.33,957555.601,0.4263,0.87,5.0708,0.509,1.5385,1940591.8198,1940560.0653,816048.1215,22569082.8643,22568713.5594
000001.SZ,20251111,11.62,11.69,11.57,11.67,11.63,0.04,0.3439,886508.87,1033284.776,0.4568,0.96,5.0882,0.5108,1.5438,1940591.8198,1940560.0653,816048.1215,22646706.5371,22646335.9621
000001.SZ,20251112,11.7,11.79,11.65,11.68,11.67,0.01,0.0857,1141325.38,1337963.805,0.5881,1.42,5.0926,0.5112,1.5451,1940591.8198,1940560.0653,816048.1215,22666112.4553,22665741.5627
000001.SZ,20251113,11.68,11.72,11.57,11.7,11.68,0.02,0.1712,978991.03,1139765.204,0.5045,1.12,5.1013,0.5121,1.5478,1940591.8198,1940560.0653,816048.1215,22704924.2917,22704552.764
000001.SZ,20251114,11.67,11.84,11.66,11.75,11.7,0.05,0.4274,1316994.98,1551867.288,0.6787,1.44,5.1231,0.5143,1.5544,1940591.8198,1940560.0653,816048.1215,22801953.8827,22801580.7673
000001.SZ,20251117,11.75,11.75,11.62,11.67,11.75,-0.08,-0.6809,995232.87,1161416.222,0.5129,0.97,5.0882,0.5108,1.5438,1940591.8198,1940560.0653,816048.1215,22646706.5371,22646335.9621
000001.SZ,20251118,11.65,11.69,11.57,11.59,11.67,-0.08,-0.6855,670077.35,778887.578,0.3453,0.63,5.0534,0.5073,1.5332,1940591.8198,1940560.0653,816048.1215,22491459.1915,22491091.1568
000001.SZ,20251119,11.58,11.83,11.57,11.8,11.59,0.21,1.8119,1334996.19,1565428.547,0.6879,1.31,5.1449,0.5164,1.561,1940591.8198,1940560.0653,816048.1215,22898983.4736,22898608.7705
000001.SZ,20251120,11.79,11.99,11.74,11.85,11.8,0.05,0.4237,1637039.85,1948415.94,0.8436,1.55,5.1667,0.5186,1.5676,1940591.8198,1940560.0653,816048.1215,22996013.0646,22995636.7738
000001.SZ,20251121,11.8,11.88,11.66,11.69,11.85,-0.16,-1.3502,1465358.88,1721871.193,0.7551,1.23,5.097,0.5116,1.5464,1940591.8198,1940560.0653,816048.1215,22685518.3735,22685147.1634
000001.SZ,20251124,11.7,11.73,11.6,11.6,11.69,-0.09,-0.7699,1117118.8,1302444.63,0.5757,0.92,5.0577,0.5077,1.5345,1940591.8198,1940560.0653,816048.1215,22510865.1097,22510496.7575
000001.SZ,20251125,11.61,11.8,11.58,11.8,11.6,0.2,1.7241,1028080.52,1203879.797,0.5298,0.83,5.1449,0.5164,1.561,1940591.8198,1940560.0653,816048.1215,22898983.4736,22898608.7705
000001.SZ,20251126,11.81,11.85,11.65,11.69,11.8,-0.11,-0.9322,821301.09,962935.43,0.4232,0.62,5.097,0.5116,1.5464,1940591.8198,1940560.0653,816048.1215,22685518.3735,22685147.1634
000001.SZ,20251127,11.66,11.71,11.58,11.71,11.69,0.02,0.1711,1011847.1,1178308.953,0.5214,0.83,5.1057,0.5125,1.5491,1940591.8198,1940560.0653,816048.1215,22724330.2099,22723958.3647
000001.SZ,20251128,11.67,11.68,11.58,11.61,11.71,-0.1,-0.854,884358.45,1027933.464,0.4557,0.81,5.0621,0.5081,1.5359,1940591.8198,1940560.0653,816048.1215,22530271.0279,22529902.3581
000001.SZ,20251201,11.6,11.7,11.53,11.69,11.61,0.08,0.6891,1037322.71,1205480.323,0.5345,1.07,5.097,0.5116,1.5464,1940591.8198,1940560.0653,816048.1215,22685518.3735,22685147.1634
000001.SZ,20251202,11.68,11.73,11.59,11.64,11.69,-0.05,-0.4277,768059.93,894720.592,0.3958,0.8,5.0752,0.5094,1.5398,1940591.8198,1940560.0653,816048.1215,22588488.7825,22588119.1601
000001.SZ,20251203,11.64,11.7,11.54,11.55,11.64,-0.09,-0.7732,944601.09,1099167.227,0.4868,1.04,5.0359,0.5055,1.5279,1940591.8198,1940560.0653,816048.1215,22413835.5187,22413468.7542
000001.SZ,20251204,11.55,11.58,11.46,11.49,11.55,-0.06,-0.5195,886089.88,1019178.99,0.4566,0.95,5.0098,0.5029,1.52,1940591.8198,1940560.0653,816048.1215,22297400.0095,22297035.1503
000001.SZ,20251205,11.49,11.54,11.4,11.53,11.49,0.04,0.3481,890766.09,1022334.912,0.459,0.99,5.0272,0.5046,1.5253,1940591.8198,1940560.0653,816048.1215,22375023.6823,22374657.5529
000001.SZ,20251208,11.49,11.6,11.48,11.52,11.53,-0.01,-0.0867,855898.93,988510.035,0.4411,0.95,5.0228,0.5042,1.524,1940591.8198,1940560.0653,816048.1215,22355617.7641,22355251.9523
000001.SZ,20251209,11.52,11.54,11.43,11.43,11.52,-0.09,-0.7813,733957.45,842732.358,0.3782,0.84,4.9836,0.5003,1.512,1940591.8198,1940560.0653,816048.1215,22180964.5003,22180601.5464
000001.SZ,20251210,11.44,11.46,11.29,11.33,11.43,-0.1,-0.8749,1044064.72,1184087.688,0.538,1.21,4.94,0.4959,1.4988,1940591.8198,1940560.0653,816048.1215,21986905.3183,21986545.5398
000001.SZ,20251211,11.35,11.39,11.3,11.37,11.33,0.04,0.353,925261.29,1049906.216,0.4768,1.05,4.9574,0.4976,1.5041,1940591.8198,1940560.0653,816048.1215,22064528.9911,22064167.9425
000001.SZ,20251212,11.37,11.43,11.3,11.35,11.37,-0.02,-0.1759,1191894.72,1357465.371,0.6142,1.34,4.9487,0.4967,1.5015,1940591.8198,1940560.0653,816048.1215,22025717.1547,22025356.7412
000001.SZ,20251215,11.34,11.54,11.33,11.51,11.35,0.16,1.4097,940832.53,1080642.231,0.4848,0.99,5.0185,0.5038,1.5226,1940591.8198,1940560.0653,816048.1215,22336211.8459,22335846.3516
000001.SZ,20251216,11.49,11.55,11.44,11.48,11.51,-0.03,-0.2606,647351.36,743389.002,0.3336,0.67,5.0054,0.5024,1.5187,1940591.8198,1940560.0653,816048.1215,22277994.0913,22277629.5496
000001.SZ,20251217,11.47,11.58,11.42,11.53,11.48,0.05,0.4355,701495.33,807135.164,0.3615,0.74,5.0272,0.5046,1.5253,1940591.8198,1940560.0653,816048.1215,22375023.6823,22374657.5529
000001.SZ,20251218,11.51,11.65,11.48,11.64,11.53,0.11,0.954,790466.54,916247.611,0.4073,0.9,5.0752,0.5094,1.5398,1940591.8198,1940560.0653,816048.1215,22588488.7825,22588119.1601
000001.SZ,20251219,11.63,11.65,11.58,11.62,11.64,-0.02,-0.1718,649886.19,755106.127,0.3349,0.76,5.0664,0.5086,1.5372,1940591.8198,1940560.0653,816048.1215,22549676.9461,22549307.9588
000001.SZ,20251222,11.61,11.61,11.51,11.52,11.62,-0.1,-0.8606,742369.16,857197.057,0.3826,1.0,5.0228,0.5042,1.524,1940591.8198,1940560.0653,816048.1215,22355617.7641,22355251.9523
000001.SZ,20251223,11.52,11.6,11.5,11.56,11.52,0.04,0.3472,666265.74,770081.94,0.3433,0.94,5.0403,0.5059,1.5292,1940591.8198,1940560.0653,816048.1215,22433241.4369,22432874.3549
000001.SZ,20251224,11.55,11.58,11.49,11.54,11.56,-0.02,-0.173,505243.56,582458.735,0.2604,0.71,5.0316,0.5051,1.5266,1940591.8198,1940560.0653,816048.1215,22394429.6005,22394063.1536
000001.SZ,20251225,11.54,11.62,11.52,11.56,11.54,0.02,0.1733,547455.23,633772.625,0.2821,0.82,5.0403,0.5059,1.5292,1940591.8198,1940560.0653,816048.1215,22433241.4369,22432874.3549
000001.SZ,20251226,11.56,11.59,11.53,11.54,11.56,-0.02,-0.173,436339.84,504079.28,0.2249,0.7,5.0316,0.5051,1.5266,1940591.8198,1940560.0653,816048.1215,22394429.6005,22394063.1536
000001.SZ,20251229,11.54,11.62,11.5,11.56,11.54,0.02,0.1733,648295.42,749082.978,0.3341,1.12,5.0403,0.5059,1.5292,1940591.8198,1940560.0653,816048.1215,22433241.4369,22432874.3549
000001.SZ,20251230,11.53,11.56,11.45,11.48,11.56,-0.08,-0.692,582584.33,669409.275,0.3002,1.04,5.0054,0.5024,1.5187,1940591.8198,1940560.0653,816048.1215,22277994.0913,22277629.5496
000001.SZ,20251231,11.48,11.49,11.4,11.41,11.48,-0.07,-0.6098,590620.37,675457.357,0.3044,1.09,4.9749,0.4994,1.5094,1940591.8198,1940560.0653,816048.1215,22142152.6639,22141790.3451
